#Logger
1 16 7123.561147281781
2 32 7625.312470481444
3 48 6399.6422016759325
4 64 6714.457429575989
5 80 6720.785228567256
6 96 5698.017205567306
7 112 4381.547600337047
8 128 9601.943522328665
9 144 4886.72487758382
10 160 6585.549793042699
11 176 6056.763364482469
12 192 6700.34697688118
13 208 4677.018148295945
14 224 6631.786936746957
15 240 6569.5330192786205
16 256 5459.356452899771
17 272 6353.852915624441
18 288 5979.09360150387
19 304 5716.258900634026
20 320 6321.475323152554
21 336 7355.506116322283
22 352 6956.795425047022
23 368 6203.731243437698
24 384 5904.1132614085445
25 400 4812.6450094779775
26 416 5527.7164134166815
27 432 5736.128585153935
28 448 7544.34023437363
29 464 5757.414991462927
30 480 6329.195201531935
31 496 6889.232467103834
32 512 7074.48961978097
33 528 7757.028852552296
34 544 7020.400720349833
35 560 5870.159058692289
36 576 6070.854491954288
37 592 5551.588150361025
38 608 5217.6716639530605
39 624 5960.044829064191
40 640 6450.07359442267
41 656 6456.704571527031
42 672 5037.492171430418
43 688 5256.77120966614
44 704 4726.963997959266
45 720 5278.354872962991
46 736 6959.678271549545
47 752 6060.770978524365
48 768 6622.522644728269
49 784 7484.9804654111695
50 800 6039.255961849479
51 816 7282.795977793117
52 832 5891.0318036746885
53 848 5866.53605271134
54 864 5745.024832323916
55 880 5213.9873529416645
56 896 6256.063412841194
57 912 4575.152122152347
58 928 5614.966312154539
59 944 5917.986873480778
60 960 4543.7238915033795
61 976 5422.374533965727
62 992 5681.557563311912
63 1008 5227.945280070429
64 1024 6707.19923392665
65 1040 5472.02144660667
66 1056 6297.520222758329
67 1072 6167.157041559624
68 1088 5456.419999345425
69 1104 4455.7659379209035
70 1120 4604.463652463542
71 1136 4955.442016659242
72 1152 5139.240257934453
73 1168 5868.314989355608
74 1184 6430.226899562661
75 1200 6243.853104135117
76 1216 7746.813899204734
77 1232 4988.359650652884
78 1248 6132.8692193356155
79 1264 5853.096821162702
80 1280 6031.270091688958
81 1296 3661.436931415536
82 1312 4979.394671951372
83 1328 6169.630439575813
84 1344 6091.631198168317
85 1360 7684.483874236041
86 1376 7395.19269415381
87 1392 6232.991147780954
88 1408 6388.310707933585
89 1424 4763.269477334692
90 1440 6550.820000757807
91 1456 6491.954447625434
92 1472 5961.711900867141
93 1488 5467.552429318938
94 1504 6701.419644350451
95 1520 5599.184888430838
96 1536 4970.637061057102
97 1552 6785.020463858935
98 1568 4276.639689995472
99 1584 4661.142256932554
100 1600 6638.182819091228
101 1616 6565.449429755962
102 1632 5812.43463207615
103 1648 5876.112795098873
104 1664 5562.484489793004
105 1680 5451.372780741003
106 1696 4898.797607083304
107 1712 5680.87833475042
108 1728 5576.551724698521
109 1744 6348.618730668391
110 1760 6235.320000585695
111 1776 5385.371155126792
112 1792 6581.9116948156625
113 1808 5096.780164001231
114 1824 4902.487947931256
115 1840 5314.265340557567
116 1856 4411.884700675773
117 1872 5860.34211030508
118 1888 7298.473588754305
119 1904 5723.289128958647
120 1920 4719.207028354988
121 1936 5231.371088732203
122 1952 5015.829601600453
123 1968 6353.779857965683
124 1984 5343.086408116875
125 2000 6766.863700535019
126 2016 5540.257337153416
127 2032 5584.501978615581
128 2048 5252.184676207068
129 2064 4742.87807892646
130 2080 5689.584052596516
131 2096 5394.09989149144
132 2112 4204.915611284491
133 2128 4840.46285118413
134 2144 4709.938202014654
135 2160 4663.540681882016
136 2176 6275.167138170765
137 2192 6859.859691739052
138 2208 4431.232943247086
139 2224 4868.644443063484
140 2240 4547.339024095433
141 2256 4864.543336798973
142 2272 5343.107316504279
143 2288 5548.955568713196
144 2304 5474.074841351339
145 2320 5813.516321470134
146 2336 5328.461183960818
147 2352 5615.873422467001
148 2368 4966.4346104098795
149 2384 4399.122612014734
150 2400 4736.424760812605
151 2416 5247.153442005018
152 2432 5054.201247152593
153 2448 5312.5931627937225
154 2464 4184.211721475178
155 2480 5147.603739518734
156 2496 4762.091813732927
157 2512 4133.197585493036
158 2528 4707.671015570539
159 2544 4833.931351659373
160 2560 6418.651270127033
161 2576 5756.5410602151605
162 2592 5232.589124618483
163 2608 4232.771945037512
164 2624 5649.349618901285
165 2640 5596.159261671052
166 2656 4290.218620649672
167 2672 5375.688950594546
168 2688 4873.980541932308
169 2704 5062.362956859379
170 2720 4219.435374433804
171 2736 5536.101584884501
172 2752 3671.8262393263335
173 2768 4524.432964101727
174 2784 4469.3964482202
175 2800 3262.3940581561287
176 2816 5210.708920239997
177 2832 4714.773291800348
178 2848 4448.324556127261
179 2864 4253.030855819554
180 2880 4034.804173650192
181 2896 4914.725722524522
182 2912 5127.62702526046
183 2928 4826.988165252037
184 2944 4960.365015477302
185 2960 4534.360915554774
186 2976 4709.078046635968
187 2992 4491.531641711949
188 3008 3917.6060967307512
189 3024 4105.046027333286
190 3040 4673.11445148251
191 3056 4269.865310249798
192 3072 3713.343464024483
193 3088 4460.250121713918
194 3104 3969.100114544701
195 3120 5079.478010748095
196 3136 4306.432570589396
197 3152 4621.10655605082
198 3168 4129.565798796085
199 3184 4244.897763457107
200 3200 4749.623600259761
201 3216 5244.764468121146
202 3232 5070.62327146502
203 3248 4323.695078872925
204 3264 4885.482184792919
205 3280 4859.955657598455
206 3296 5628.817049440301
207 3312 3704.5210221467783
208 3328 4388.0170735951915
209 3344 3530.652295378167
210 3360 3770.921259507401
211 3376 4730.900875954545
212 3392 3831.605384349996
213 3408 4476.0061909310525
214 3424 4101.6508601134
215 3440 4698.119294767825
216 3456 4857.316243185163
217 3472 4001.413878969689
218 3488 4449.863249127319
219 3504 4738.091585054985
220 3520 4956.905869045398
221 3536 4157.3734492559715
222 3552 4229.782077088819
223 3568 4166.143415204739
224 3584 4556.643991559111
225 3600 5107.169721887077
226 3616 3207.102457370695
227 3632 5426.668966570399
228 3648 5060.379307061533
229 3664 5501.860367154359
230 3680 4780.132917395201
231 3696 4484.22417618691
232 3712 4279.399474912763
233 3728 3611.9036855221075
234 3744 4360.806996589299
235 3760 4545.842046412056
236 3776 4526.236991966101
237 3792 5106.390683434046
238 3808 5035.612632740455
239 3824 4394.990667970692
240 3840 4444.0263364012935
241 3856 4816.509592516052
242 3872 4810.836795853766
243 3888 4978.156586572472
244 3904 4762.761884801714
245 3920 4164.419052431512
246 3936 4739.517664317618
247 3952 4208.190814601537
248 3968 4287.064522371318
249 3984 4191.343825447101
250 4000 4443.069173145254
251 4016 4614.056655432344
252 4032 4456.681847535168
253 4048 4622.281356776706
254 4064 4756.524859557965
255 4080 4211.098554197142
256 4096 4093.3755295015962
257 4112 4989.079419227352
258 4128 3733.155202863485
259 4144 4156.9686928158935
260 4160 3589.349533697042
261 4176 4024.808148999562
262 4192 4517.23777620831
263 4208 3546.400997422613
264 4224 3774.3558619582445
265 4240 3506.2911734533964
266 4256 3274.358589163803
267 4272 4384.887800385457
268 4288 4035.212809697712
269 4304 4680.195474605082
270 4320 4378.813154844534
271 4336 3100.4978976966813
272 4352 3805.1899705315413
273 4368 3966.291551978986
274 4384 3018.831831605873
275 4400 3642.642231093345
276 4416 3861.775545552863
277 4432 3427.363019969236
278 4448 4032.73766582265
279 4464 3871.591694566079
280 4480 3978.1768015050093
281 4496 3664.443354879842
282 4512 3924.565940514931
283 4528 3925.789872694522
284 4544 4343.963140538016
285 4560 3652.599117540592
286 4576 2870.451686033646
287 4592 4520.515652479777
288 4608 3856.521298232664
289 4624 3081.307211332449
290 4640 3712.384230618916
291 4656 3237.3566755430143
292 4672 3342.4773905661536
293 4688 3635.2629234710785
294 4704 3393.343086614543
295 4720 4100.314700417552
296 4736 4166.37021700773
297 4752 3408.9984988994124
298 4768 4181.697371462011
299 4784 4139.721892256414
300 4800 3413.863033075085
301 4816 4326.877454938727
302 4832 2421.4270528470265
303 4848 3970.969466531033
304 4864 3324.817282464563
305 4880 2506.5711047337904
306 4896 2514.1124840834264
307 4912 3827.12889157041
308 4928 3226.2545489426097
309 4944 3298.839677004772
310 4960 3377.494621780078
311 4976 3639.986618573256
312 4992 3321.705102710003
313 5008 3271.4714942675027
314 5024 3577.887773230555
315 5040 3372.662269673952
316 5056 2695.3434227386615
317 5072 3684.7918731336063
318 5088 3174.927678324104
319 5104 3068.177285973091
320 5120 2984.3003823555377
321 5136 3295.8243762512834
322 5152 2786.4872648943992
323 5168 3183.320803003038
324 5184 3954.396675154947
325 5200 3393.8934206805316
326 5216 3678.180448914452
327 5232 2282.469578561997
328 5248 3297.4923749885593
329 5264 3046.4444290168385
330 5280 3305.35975941156
331 5296 3109.5486528085767
332 5312 2321.5553299676176
333 5328 2747.582814884097
334 5344 2572.791119201329
335 5360 2811.0721842166217
336 5376 2740.0203855762306
337 5392 2472.797988196096
338 5408 2799.8647295120236
339 5424 2670.8114216411886
340 5440 2431.2445369688603
341 5456 2621.24973038963
342 5472 3605.952196852577
343 5488 3803.8491860289287
344 5504 2759.177706867521
345 5520 3057.4261661545274
346 5536 3144.849685006851
347 5552 2616.937368757689
348 5568 3454.250066764581
349 5584 2911.6388102584124
350 5600 3259.434822526477
351 5616 3298.395323989003
352 5632 2221.0235414538975
353 5648 3187.8698315680676
354 5664 2467.4397631533334
355 5680 2364.6260432557597
356 5696 2526.7426033506204
357 5712 2587.61136591752
358 5728 2065.2423154070843
359 5744 2927.611263630986
360 5760 2648.5963342998625
361 5776 2641.8491293165134
362 5792 2615.827826251784
363 5808 2667.004726367768
364 5824 2716.381643370302
365 5840 2636.982869705026
366 5856 2693.950237515326
367 5872 2633.470910009983
368 5888 3104.0173011239376
369 5904 2729.712220921266
370 5920 2838.5341321824776
371 5936 2757.2735841905537
372 5952 2819.2880638537636
373 5968 2565.0110081012735
374 5984 2715.3787132373827
375 6000 3033.7154053353506
376 6016 3300.9979141427857
377 6032 2702.8770517025973
378 6048 2611.8463971410238
379 6064 2661.274070660979
380 6080 2455.7928434138553
381 6096 2737.7665593281613
382 6112 2646.104829342031
383 6128 2715.866299980905
384 6144 2814.5139820159607
385 6160 2695.509678499512
386 6176 2395.0353925346817
387 6192 2825.0587898598683
388 6208 2725.800868074187
389 6224 2865.3589127479377
390 6240 2629.372478330049
391 6256 2611.3697770146755
392 6272 2703.450529906075
393 6288 2517.621550400628
394 6304 2763.306026896383
395 6320 2687.491414064445
396 6336 2469.779453218184
397 6352 2597.6451487488594
398 6368 2898.9336893863738
399 6384 2684.995613014959
400 6400 2474.8866000418775
401 6416 2520.936367865658
402 6432 2464.3558871705877
403 6448 2677.3659439696394
404 6464 2517.7549116603936
405 6480 2547.336775474904
406 6496 2706.654099384602
407 6512 2360.600380875211
408 6528 2503.1032112308953
409 6544 2521.0044509208265
410 6560 2350.3660351456997
411 6576 2656.371521471429
412 6592 2387.931402877228
413 6608 2735.42004321354
414 6624 2521.094345382973
415 6640 2463.1957292940165
416 6656 2456.529843064531
417 6672 2574.942836129155
418 6688 2432.9357143883494
419 6704 2591.62205217737
420 6720 2478.8722432016452
421 6736 2634.397701638024
422 6752 2548.9694612343537
423 6768 2728.945348960995
424 6784 2502.3406230986866
425 6800 2467.750633576611
426 6816 2836.3583145715706
427 6832 2639.869209728638
428 6848 2695.0095188261357
429 6864 2608.5392206880465
430 6880 2469.313145029098
431 6896 2303.344569449105
432 6912 2286.3447242308994
433 6928 2290.3418542987533
434 6944 2397.9380469613184
435 6960 2461.627468483086
436 6976 2174.3361726410244
437 6992 2262.067231370255
438 7008 2237.5103629590512
439 7024 2088.0354339817386
440 7040 2263.2536370320277
441 7056 2244.6710145855222
442 7072 2280.5554066036943
443 7088 2406.177642394389
444 7104 2304.8321924800935
445 7120 2315.920235792923
446 7136 2223.281621046556
447 7152 2218.064820226966
448 7168 2172.398554528901
449 7184 2313.330538963398
450 7200 2132.416497322446
451 7216 2226.044156758322
452 7232 2193.7711217856754
453 7248 2300.2266179276257
454 7264 2506.449893504224
455 7280 2191.3705198259713
456 7296 2292.74158125242
457 7312 2073.335511922388
458 7328 2183.0566892550196
459 7344 2153.142591880977
460 7360 2199.369573542555
461 7376 2230.974476250948
462 7392 2157.1493940113555
463 7408 2345.9299342069394
464 7424 2103.6249182448755
465 7440 2102.113238895137
466 7456 2114.9482882674415
467 7472 2205.851735146142
468 7488 2174.5969287070707
469 7504 2251.0791094741053
470 7520 2316.6528763444408
471 7536 2253.032099316299
472 7552 2318.9096462347147
473 7568 2469.7615498226364
474 7584 2403.4743316530407
475 7600 2332.5011619120173
476 7616 2321.9209357688324
477 7632 2198.3948028403
478 7648 2222.5139251453575
479 7664 2169.4778206874366
480 7680 2166.57210956812
481 7696 2252.7755923169852
482 7712 2117.1161229122613
483 7728 2455.4514807938626
484 7744 2184.215759622452
485 7760 2365.534118375064
486 7776 2575.384560576803
487 7792 2314.3795667024615
488 7808 2118.147023637772
489 7824 2277.0965243494716
490 7840 2183.910486506311
491 7856 2272.404022396456
492 7872 2041.3307360014835
493 7888 2308.9064928441503
494 7904 2262.0539807223167
495 7920 2149.3091371535243
496 7936 2288.5090033716174
497 7952 2204.707742747814
498 7968 2225.998085931747
499 7984 2195.2111583780575
500 8000 2055.287601192716
501 8016 2343.5475575384044
502 8032 2412.6467277761067
503 8048 2307.514352748739
504 8064 2214.4803510482648
505 8080 2186.5186460784407
506 8096 2232.1911488406568
507 8112 2142.941599928357
508 8128 2288.405149893429
509 8144 2014.9237565818287
510 8160 2343.0376213079026
511 8176 2265.895221853602
512 8192 2059.7016974718777
513 8208 2156.9014033428525
514 8224 2134.6947720366334
515 8240 2048.90771156938
516 8256 2342.528473218619
517 8272 2199.7230479071586
518 8288 2194.932817414004
519 8304 2328.854226692759
520 8320 1951.6061548584373
521 8336 2128.827861644605
522 8352 2392.432279415593
523 8368 2168.6249441186274
524 8384 2319.131306570867
525 8400 2116.653138392584
526 8416 2241.804850214303
527 8432 2252.059690283027
528 8448 2148.019045423252
529 8464 2112.7999647157094
530 8480 2173.9046906738267
531 8496 2031.3411583936
532 8512 2133.550286270765
533 8528 2118.660177209668
534 8544 2086.7434586976406
535 8560 2332.7973281419772
536 8576 2216.412579560355
537 8592 2212.5464289992055
538 8608 1879.8424281028488
539 8624 2010.8561105455776
540 8640 2009.2346783362864
541 8656 2066.167655658481
542 8672 2132.710535798101
543 8688 1873.0901877017363
544 8704 1890.5686868933765
545 8720 2130.365482051453
546 8736 2104.8341254420056
547 8752 1982.8129283601656
548 8768 1979.958872600662
549 8784 1997.4946338590923
550 8800 1860.9589279108825
551 8816 1944.0054312294253
552 8832 1871.0256838771973
553 8848 1848.710605569457
554 8864 1808.1515675873202
555 8880 1820.6254259310433
556 8896 1795.1730390540777
557 8912 1920.0286364181056
558 8928 1890.8134812300796
559 8944 1926.2295277745332
560 8960 1796.2571974013204
561 8976 1919.4390891223102
562 8992 1812.0027523033295
563 9008 1909.8911302264087
564 9024 1768.2311982032413
565 9040 1785.657431791596
566 9056 1913.8033245830866
567 9072 1723.7752243316527
568 9088 1854.5895779237837
569 9104 1760.000267471927
570 9120 1738.7401602316866
571 9136 1883.7358929640113
572 9152 1822.0781805399747
573 9168 1811.6863202273728
574 9184 1985.2104577466196
575 9200 1888.3316415275178
576 9216 1882.9755770269971
577 9232 1867.7468234582302
578 9248 1830.9504907729645
579 9264 1919.1788279486193
580 9280 1849.6866014431816
581 9296 2115.227487048479
582 9312 1939.269670552854
583 9328 2229.362920295721
584 9344 2046.70925451758
585 9360 2175.089723320866
586 9376 2134.270423222211
587 9392 1953.7572694858786
588 9408 1920.6036787557302
589 9424 1992.818463943332
590 9440 1894.2369573807568
591 9456 2009.1306691179814
592 9472 1958.3631912585947
593 9488 1940.7867168593627
594 9504 1891.2905009792498
595 9520 1839.3775158678166
596 9536 1918.5325693641744
597 9552 1895.8326670388703
598 9568 1924.0399697044124
599 9584 1879.6435692885682
600 9600 1771.6567278513144
601 9616 1754.2161874184117
602 9632 1729.3670027291844
603 9648 1743.2462349697475
604 9664 1896.2186454826447
605 9680 1825.5844672272
606 9696 1850.8374815626746
607 9712 1834.5612254780472
608 9728 2025.8494677568822
609 9744 1812.5620303139374
610 9760 1863.631247305021
611 9776 1973.2567752265522
612 9792 1822.3011514802322
613 9808 1709.7179973761918
614 9824 1777.0297386094976
615 9840 1956.4784338717427
616 9856 1726.849062551187
617 9872 1766.5086650627297
618 9888 1898.1387432513875
619 9904 1939.698882186324
620 9920 1861.2800878243775
621 9936 1891.749818595697
622 9952 1763.6470680066313
623 9968 1813.3457183057958
624 9984 1815.740178952798
625 10000 1805.1177191033644
626 10016 1959.7986457608308
627 10032 1924.8308966026664
628 10048 1911.1259158899575
629 10064 2012.23663545215
630 10080 1981.212544951439
631 10096 1904.855467640149
632 10112 1813.863628718613
633 10128 1950.7248727830813
634 10144 1835.5788779315817
635 10160 1856.6771421124843
636 10176 1891.7129742177237
637 10192 1829.996602964535
638 10208 1894.644448223493
639 10224 2136.188153481461
640 10240 1893.0743725106768
641 10256 1832.0465254718044
642 10272 1847.8056124847187
643 10288 1786.852952013508
644 10304 1904.7472900829118
645 10320 1786.7708290075725
646 10336 1835.5074047300218
647 10352 1865.1884484704362
648 10368 1842.6413767275515
649 10384 1858.603824906547
650 10400 1980.2204213235016
651 10416 1943.301415128503
652 10432 2081.8758339781007
653 10448 1913.8445101329203
654 10464 1934.9558979229737
655 10480 1914.4704102765004
656 10496 1850.6280309581716
657 10512 1883.174947653423
658 10528 1894.1478678424105
659 10544 1773.117262459678
660 10560 1799.5523600105864
661 10576 1834.575398520441
662 10592 1847.530487408261
663 10608 1940.9746379409933
664 10624 1868.696698829359
665 10640 1858.090721834837
666 10656 1877.2357478246076
667 10672 1843.0615537100296
668 10688 1835.5334587802513
669 10704 1818.0465115714717
670 10720 1863.896810424979
671 10736 1883.3749171261998
672 10752 1861.1392351728289
673 10768 1842.2499085063766
674 10784 1866.8271605185791
675 10800 1816.4562766860397
676 10816 1796.7626572498516
677 10832 1839.2796470613303
678 10848 1876.1550281315504
679 10864 1873.3228545746022
680 10880 1831.5560446219968
681 10896 1764.0547681329026
682 10912 1820.7722121034894
683 10928 1797.2851409489938
684 10944 1874.3985817289292
685 10960 1726.0320595639876
686 10976 1889.8905775264323
687 10992 1834.996615627591
688 11008 1842.6913988530475
689 11024 1840.5611232894798
690 11040 1801.9140570589166
691 11056 1942.9453902321725
692 11072 1822.6529857686915
693 11088 1911.3233982448892
694 11104 1887.2603054789358
695 11120 1839.8048316670995
696 11136 1846.042807421396
697 11152 1779.0392336145762
698 11168 1735.8507578654967
699 11184 1800.759932458814
700 11200 1814.722693248354
701 11216 1776.236337586039
702 11232 1818.237512585934
703 11248 1777.1335018674285
704 11264 1763.7445935965084
705 11280 1747.8533313275618
706 11296 1809.221115346002
707 11312 1795.9307592829591
708 11328 1797.901596040654
709 11344 1842.2079667228343
710 11360 1943.8185281955828
711 11376 1974.5061959303907
712 11392 1800.0820040678102
713 11408 1928.362720070452
714 11424 1921.2775401933168
715 11440 1922.4828588678258
716 11456 1842.910998865861
717 11472 1900.8802983895189
718 11488 1780.9108760146112
719 11504 1754.1236489526864
720 11520 1840.9795760755535
721 11536 1750.7289436887324
722 11552 1809.2926182289227
723 11568 1823.7407659707624
724 11584 1904.0208245948365
725 11600 1864.0422131758598
726 11616 1878.6751305796834
727 11632 1834.4430774107268
728 11648 1769.8274522625657
729 11664 1786.3696646628573
730 11680 1800.3230605958545
731 11696 1851.6597236303985
732 11712 1799.7318429077293
733 11728 1795.258057278744
734 11744 1855.4239941526803
735 11760 1808.4005463102408
736 11776 1853.2473758325016
737 11792 1739.6060168362085
738 11808 1773.9341272968525
739 11824 1770.2395073063337
740 11840 1811.5465961706277
741 11856 1768.9348379107585
742 11872 1745.1888239273433
743 11888 1763.1954713285259
744 11904 1722.8425876399149
745 11920 1780.9084321405414
746 11936 1767.5175302752818
747 11952 1745.8005637610906
748 11968 1776.174933557298
749 11984 1765.821662488137
750 12000 1813.2520601131046
751 12016 1797.1662423365772
752 12032 1773.4343222532138
753 12048 1756.957671760914
754 12064 1757.150320649822
755 12080 1750.25303783233
756 12096 1720.9308363099387
757 12112 1732.7564019413267
758 12128 1759.9793688438099
759 12144 1724.7586783866245
760 12160 1749.063371987938
761 12176 1728.333142487358
762 12192 1708.3564976806963
763 12208 1784.020297476247
764 12224 1726.244909874601
765 12240 1692.682702729528
766 12256 1722.932738406434
767 12272 1740.0976392708205
768 12288 1730.6696349990639
769 12304 1702.7169535869434
770 12320 1682.675153430416
771 12336 1699.1039247245978
772 12352 1706.221159882267
773 12368 1695.659652010542
774 12384 1682.1491968385078
775 12400 1711.1714898523394
776 12416 1702.0712671713547
777 12432 1671.0456391241564
778 12448 1700.696684418217
779 12464 1673.3074318290298
780 12480 1679.1848281070972
781 12496 1690.3470984728292
782 12512 1658.2949145212592
783 12528 1665.5802409941796
784 12544 1655.7112882828976
785 12560 1677.9358200324432
786 12576 1653.5602052989457
787 12592 1661.2945748396749
788 12608 1685.2844689603735
789 12624 1676.0113036084856
790 12640 1660.9617512665673
791 12656 1654.7070800399815
792 12672 1697.069869451729
793 12688 1738.180754810509
794 12704 1663.8004314522552
795 12720 1671.2192766729395
796 12736 1669.4786115471195
797 12752 1652.6121122980621
798 12768 1676.4910603399398
799 12784 1656.2374122465214
800 12800 1665.849463761932
801 12816 1671.9572700560823
802 12832 1691.6528449383377
803 12848 1702.9931348889968
804 12864 1685.0170062316129
805 12880 1645.683164235426
806 12896 1663.271855924912
807 12912 1660.4226350298316
808 12928 1672.119312604258
809 12944 1653.3623750361303
810 12960 1671.9857342219461
811 12976 1642.4489870068842
812 12992 1634.3590620120506
813 13008 1652.9055597332394
814 13024 1643.6965894716527
815 13040 1680.0972579657143
816 13056 1621.7678413221868
817 13072 1664.1598802880717
818 13088 1645.8430140828357
819 13104 1604.470516860028
820 13120 1627.905124966817
821 13136 1663.2208889602675
822 13152 1635.5294995887905
823 13168 1653.083107742299
824 13184 1639.5579610169502
825 13200 1646.5707615254098
826 13216 1643.049016434411
827 13232 1637.4519521074365
828 13248 1635.9970462803785
829 13264 1636.6078171928314
830 13280 1640.8050589270038
831 13296 1654.5669497995116
832 13312 1632.3566640053814
833 13328 1635.7540667340413
834 13344 1634.6704663946693
835 13360 1635.42579956809
836 13376 1625.8131001124013
837 13392 1640.1920146715504
838 13408 1654.9634544636297
839 13424 1621.8665395183125
840 13440 1635.2456235836237
841 13456 1617.274982277231
842 13472 1639.97703598049
843 13488 1633.166007623233
844 13504 1637.4712172794148
845 13520 1623.945550532859
846 13536 1633.019120690245
847 13552 1619.3726321893275
848 13568 1612.7226036159796
849 13584 1626.2684631165243
850 13600 1617.5096805054925
851 13616 1601.0621744830453
852 13632 1607.8479922194886
853 13648 1626.7376200935119
854 13664 1620.6707671116624
855 13680 1620.9095030484045
856 13696 1635.3748274540058
857 13712 1626.6036502968734
858 13728 1615.8795492094837
859 13744 1609.0599749266664
860 13760 1642.8849849474398
861 13776 1628.2491591256917
862 13792 1636.884968879739
863 13808 1618.767053067061
864 13824 1613.057095995231
865 13840 1631.9059357743029
866 13856 1639.1488910283
867 13872 1622.5990097485217
868 13888 1629.9935031259038
869 13904 1614.8152561400518
870 13920 1629.3782591880324
871 13936 1626.7755184376338
872 13952 1621.061720209827
873 13968 1640.0829412730625
874 13984 1654.5189359870215
875 14000 1643.2493578942829
876 14016 1618.3938908859004
877 14032 1651.2196111313924
878 14048 1649.418110009045
879 14064 1637.2175988276038
880 14080 1630.6677767831222
881 14096 1628.0085809749073
882 14112 1630.3420457696132
883 14128 1621.1279020961456
884 14144 1646.8678056094493
885 14160 1646.0675029887443
886 14176 1618.0617839665188
887 14192 1619.6938895042003
888 14208 1639.6647528502153
889 14224 1618.7815687295624
890 14240 1614.6993566489966
891 14256 1637.595426827268
892 14272 1615.583749204381
893 14288 1607.6252982018773
894 14304 1622.8917577557568
895 14320 1612.0186589591945
896 14336 1626.0722110411286
897 14352 1636.4988443540756
898 14368 1603.5083028266258
899 14384 1641.3958043864225
900 14400 1626.5045043571129
901 14416 1599.85594808056
902 14432 1638.4802896849717
903 14448 1624.7891916187002
904 14464 1611.69607667904
905 14480 1610.1584362265985
906 14496 1619.2943141791507
907 14512 1612.1754875416332
908 14528 1617.2656037497534
909 14544 1610.2503941694638
910 14560 1603.586169277381
911 14576 1606.5028072565042
912 14592 1609.7758422280442
913 14608 1606.6356186187147
914 14624 1619.1870322727973
915 14640 1619.0519839516435
916 14656 1620.0913112360474
917 14672 1599.7107940927524
918 14688 1638.0298108935947
919 14704 1602.393385956452
920 14720 1625.1878277232952
921 14736 1646.1446176819059
922 14752 1644.8696632286076
923 14768 1632.500666121303
924 14784 1663.6306001156813
925 14800 1632.9531862543317
926 14816 1662.505052987369
927 14832 1646.2208274073878
928 14848 1687.896362372274
929 14864 1656.8827984296877
930 14880 1642.863281413109
931 14896 1616.5106497727063
932 14912 1640.2517666259612
933 14928 1623.9337201220656
934 14944 1622.9577214682122
935 14960 1629.048077932938
936 14976 1616.0018589420604
937 14992 1628.2092375544094
938 15008 1643.5850857743264
939 15024 1654.9081879845921
940 15040 1604.0177390672807
941 15056 1626.6433603380285
942 15072 1631.0103065742535
943 15088 1631.0172076721667
944 15104 1628.4358374605072
945 15120 1623.2909648337097
946 15136 1622.8729786213553
947 15152 1622.037137050363
948 15168 1622.6019972786873
949 15184 1616.707067321563
950 15200 1603.2971756530465
951 15216 1612.7098595347995
952 15232 1626.4766468162113
953 15248 1607.7602892940545
954 15264 1613.744695084292
955 15280 1617.5430201650172
956 15296 1626.1550139607746
957 15312 1619.168057694111
958 15328 1620.1907953038858
959 15344 1601.5020099928813
960 15360 1606.0320057514218
961 15376 1621.0368050700633
962 15392 1614.0622710582138
963 15408 1610.3977262195558
964 15424 1630.1638296884976
965 15440 1601.959276507665
966 15456 1623.1881182325073
967 15472 1605.8879430627812
968 15488 1638.080870409829
969 15504 1622.882368147202
970 15520 1633.938696050793
971 15536 1618.5526309075622
972 15552 1621.4552468745987
973 15568 1614.4621943682987
974 15584 1637.6047504388362
975 15600 1614.7215622668018
976 15616 1605.9668118673583
977 15632 1648.317690476524
978 15648 1599.060011128617
979 15664 1628.6691515882144
980 15680 1615.2117870480533
981 15696 1612.159197866997
982 15712 1612.1361206287525
983 15728 1618.173383654621
984 15744 1612.6999656519931
985 15760 1614.2873212580942
986 15776 1621.9586799591466
987 15792 1615.0625619326697
988 15808 1597.3679641169094
989 15824 1623.553025015724
990 15840 1609.0181382273868
991 15856 1614.6090133411103
992 15872 1619.9860229475912
993 15888 1610.9702821126643
994 15904 1615.8119072643667
995 15920 1628.0197208060215
996 15936 1619.9694771270695
997 15952 1609.2075461647948
998 15968 1616.899394787073
999 15984 1605.6599472160342
1000 16000 1615.1054668693557
1001 16016 1608.3631035330916
1002 16032 1601.0429655270684
1003 16048 1609.2194093390974
1004 16064 1615.1050242066092
1005 16080 1608.0489743553453
1006 16096 1620.5555970188852
1007 16112 1604.5067015919797
1008 16128 1597.0380388741457
1009 16144 1601.2889493484288
1010 16160 1604.4583237169861
1011 16176 1606.7203674101497
1012 16192 1611.4895533012402
1013 16208 1612.48751790479
1014 16224 1605.9073864282018
1015 16240 1618.4192535008926
1016 16256 1603.3456120754117
1017 16272 1605.2183094184743
1018 16288 1606.9183472809784
1019 16304 1604.3224914871719
1020 16320 1596.278029081323
1021 16336 1623.5285546640575
1022 16352 1627.7684069332224
1023 16368 1601.9687930456926
1024 16384 1622.7954706964342
1025 16400 1605.7238522689443
1026 16416 1616.102768610831
1027 16432 1602.1967090955432
1028 16448 1594.2217619319651
1029 16464 1615.8988478664412
1030 16480 1616.5101228401636
1031 16496 1603.1488294058572
1032 16512 1606.2105357098724
1033 16528 1601.6617837481476
1034 16544 1587.7500380521792
1035 16560 1593.0880593634397
1036 16576 1614.4445010502736
1037 16592 1613.5812773571788
1038 16608 1594.3408337538917
1039 16624 1593.617891855662
1040 16640 1604.8232552104357
1041 16656 1590.3584247841218
1042 16672 1604.1892073163501
1043 16688 1607.0513881207594
1044 16704 1604.736396209407
1045 16720 1598.8550608551054
1046 16736 1592.327388297028
1047 16752 1602.8445851588726
1048 16768 1593.1843815247512
1049 16784 1598.0651514564609
1050 16800 1592.5581268861922
1051 16816 1605.8864135749895
1052 16832 1599.4934379504064
1053 16848 1599.8416726797036
1054 16864 1581.4693207421565
1055 16880 1602.7617273610056
1056 16896 1593.5610245711555
1057 16912 1599.367169054645
1058 16928 1582.4602329872037
1059 16944 1584.9635998340414
1060 16960 1592.780958256323
1061 16976 1606.4526066106866
1062 16992 1579.6130703941874
1063 17008 1588.6222288075546
1064 17024 1577.077015580175
1065 17040 1594.9213336995049
1066 17056 1591.8798840150205
1067 17072 1597.7502575606827
1068 17088 1596.5143032801482
1069 17104 1593.6900470228154
1070 17120 1583.6092945617063
1071 17136 1597.2529336157816
1072 17152 1597.7484841944029
1073 17168 1595.3854767584364
1074 17184 1582.1448125905297
1075 17200 1591.5443302512083
1076 17216 1589.406674710704
1077 17232 1588.2711262911087
1078 17248 1599.1225596073357
1079 17264 1593.7441800987774
1080 17280 1590.2718623790095
1081 17296 1587.1994353537689
1082 17312 1594.4437389314187
1083 17328 1600.798474909354
1084 17344 1600.2209505934568
1085 17360 1605.75788551124
1086 17376 1596.586429278458
1087 17392 1580.5192987622636
1088 17408 1593.8544016987692
1089 17424 1573.075522097126
1090 17440 1611.8643350185305
1091 17456 1602.6726197524956
1092 17472 1599.5447298285455
1093 17488 1594.224174392696
1094 17504 1606.1717290805893
1095 17520 1589.412372866086
1096 17536 1589.7950575763339
1097 17552 1602.4276969306015
1098 17568 1595.0960861484245
1099 17584 1596.6537660742435
1100 17600 1589.7798767674155
1101 17616 1580.9395638091723
1102 17632 1585.8644195799773
1103 17648 1589.2958267713414
1104 17664 1585.9856278340014
1105 17680 1590.2689012132132
1106 17696 1586.07996422723
1107 17712 1580.6663672342029
1108 17728 1587.8841725409256
1109 17744 1596.0302115396248
1110 17760 1584.528011853152
1111 17776 1600.832995536192
1112 17792 1590.2960415460852
1113 17808 1593.2722596654382
1114 17824 1594.9167865783484
1115 17840 1589.575015787402
1116 17856 1589.510483771953
1117 17872 1594.5671982827841
1118 17888 1588.928879462264
1119 17904 1584.7786061299148
1120 17920 1594.0947367547947
1121 17936 1596.1807685368692
1122 17952 1580.0125150412869
1123 17968 1591.1958521639958
1124 17984 1592.6528107845045
1125 18000 1582.7780649226095
1126 18016 1584.516602737002
1127 18032 1588.5147960222755
1128 18048 1576.4237887945403
1129 18064 1586.8057986967865
1130 18080 1584.0716622442774
1131 18096 1584.8035578105244
1132 18112 1591.4838422499963
1133 18128 1584.9601482833652
1134 18144 1587.7733981412648
1135 18160 1596.4552069165434
1136 18176 1591.516557977563
1137 18192 1587.6407908204396
1138 18208 1585.9737021346787
1139 18224 1586.4940287378722
1140 18240 1595.021158694481
1141 18256 1593.8032071010234
1142 18272 1588.4786768637864
1143 18288 1590.2796701507946
1144 18304 1578.161641572532
1145 18320 1583.8727337826922
1146 18336 1596.6498176922341
1147 18352 1590.883305373418
1148 18368 1578.978749056211
1149 18384 1591.07162775557
1150 18400 1577.7880858530891
1151 18416 1578.1776684013932
1152 18432 1585.4261219926989
1153 18448 1584.2244355017986
1154 18464 1576.2331614892169
1155 18480 1584.4921427685128
1156 18496 1588.4091734820643
1157 18512 1593.5001658146095
1158 18528 1590.4719900349583
1159 18544 1596.1422499664395
1160 18560 1582.9126740867948
1161 18576 1585.3857520813897
1162 18592 1588.2939105807393
1163 18608 1586.1608377227212
1164 18624 1591.3826673876067
1165 18640 1585.0941962052405
1166 18656 1599.5112993905666
1167 18672 1591.6710667556986
1168 18688 1585.535340172614
1169 18704 1588.3301902800451
1170 18720 1595.4237603350048
1171 18736 1583.835214000604
1172 18752 1585.8446708885458
1173 18768 1585.6553430188972
1174 18784 1573.592504843252
1175 18800 1577.0299902446086
1176 18816 1586.405108460829
1177 18832 1578.9977911112683
1178 18848 1586.8674095772196
1179 18864 1584.2107262139823
1180 18880 1592.429220454993
1181 18896 1581.7912111134744
1182 18912 1581.389895564173
1183 18928 1574.792694201225
1184 18944 1582.919091963528
1185 18960 1568.0243407509956
1186 18976 1575.7550521239518
1187 18992 1578.6365524304113
1188 19008 1578.9464661774477
1189 19024 1579.0693095737759
1190 19040 1583.0721203355242
1191 19056 1583.7542775342326
1192 19072 1579.4532725938748
1193 19088 1575.402857164481
1194 19104 1588.3882069299814
1195 19120 1578.6214686453807
1196 19136 1578.764241773008
1197 19152 1580.035912739337
1198 19168 1577.384157320716
1199 19184 1573.6492713204732
1200 19200 1578.5799858078526
1201 19216 1577.0520489230673
1202 19232 1580.2642256112943
1203 19248 1581.967230725715
1204 19264 1580.6866200041998
1205 19280 1586.7150714232605
1206 19296 1583.1605143670522
1207 19312 1577.35397406247
1208 19328 1578.826123968018
1209 19344 1584.2545578538763
1210 19360 1578.1134420174155
1211 19376 1571.6738204942233
1212 19392 1580.7088451653199
1213 19408 1575.4068132835157
1214 19424 1582.9526435067432
1215 19440 1572.343978655668
1216 19456 1573.5809529875955
1217 19472 1573.989819952805
1218 19488 1589.2792823175992
1219 19504 1571.0429337646892
1220 19520 1579.044090149676
1221 19536 1577.619894181864
1222 19552 1574.7098965015082
1223 19568 1572.7510224039129
1224 19584 1577.4209900632236
1225 19600 1570.7896589298848
1226 19616 1574.6629728911432
1227 19632 1577.3061165804202
1228 19648 1570.3408729492185
1229 19664 1572.5575516381664
1230 19680 1568.05784620399
1231 19696 1569.239710374853
1232 19712 1567.6114004752428
1233 19728 1567.8233327896833
1234 19744 1571.2271142128527
1235 19760 1573.0165894098177
1236 19776 1573.5270021226875
1237 19792 1569.0352280760387
1238 19808 1575.2879761842235
1239 19824 1569.4573986391874
1240 19840 1582.4397338570075
1241 19856 1576.4327763277474
1242 19872 1573.3348093047084
1243 19888 1566.9136198831077
1244 19904 1573.8425680970245
1245 19920 1571.2722169635686
1246 19936 1571.9276405680905
1247 19952 1571.1698920761014
1248 19968 1566.9280036935802
1249 19984 1570.6360668106706
1250 20000 1582.4018707111504
1251 20016 1565.6908213830552
1252 20032 1570.313214635206
1253 20048 1565.5665071172182
1254 20064 1571.7926119071442
1255 20080 1573.9051201739023
1256 20096 1569.264372576174
1257 20112 1568.7442292148417
1258 20128 1572.3437469244411
1259 20144 1571.7537621181345
1260 20160 1576.3906813558435
1261 20176 1575.375041818319
1262 20192 1571.4273002398293
1263 20208 1575.1396567346937
1264 20224 1576.6488457202595
1265 20240 1576.9698031118485
1266 20256 1572.0257609980265
1267 20272 1573.8410406943124
1268 20288 1569.3788009771192
1269 20304 1570.4753268312704
1270 20320 1572.8579717533728
1271 20336 1574.7912215228764
1272 20352 1576.3633963681202
1273 20368 1570.361542836854
1274 20384 1569.4246346185655
1275 20400 1567.6389771822758
1276 20416 1567.488396796458
1277 20432 1574.5066733300775
1278 20448 1571.3724593293994
1279 20464 1570.544982492475
1280 20480 1573.597133549785
1281 20496 1567.812984908469
1282 20512 1560.9636196593779
1283 20528 1576.7797438380464
1284 20544 1565.2913784588181
1285 20560 1568.6587453845207
1286 20576 1568.607805983703
1287 20592 1572.0468288288046
1288 20608 1571.4411747835034
1289 20624 1568.1231306944298
1290 20640 1572.3775121201456
1291 20656 1565.9151569266992
1292 20672 1565.8713177563416
1293 20688 1571.7834926940322
1294 20704 1563.426655827145
1295 20720 1571.8703243382515
1296 20736 1570.4908756753425
1297 20752 1567.6482504141031
1298 20768 1576.9851662698186
1299 20784 1572.1681750195319
1300 20800 1574.3323515689144
1301 20816 1571.5446045801061
1302 20832 1566.7731497616642
1303 20848 1572.5350883812634
1304 20864 1568.4423224496459
1305 20880 1576.7462473125474
1306 20896 1575.482894973473
1307 20912 1575.868961701572
1308 20928 1566.4341284796626
1309 20944 1577.396437163646
1310 20960 1580.1750308363721
1311 20976 1579.6239865742969
1312 20992 1571.9071293085585
1313 21008 1569.5917933969256
1314 21024 1562.8761929393452
1315 21040 1570.3173578388642
1316 21056 1570.201857894156
1317 21072 1575.3650118806447
1318 21088 1570.9567299753878
1319 21104 1572.765785263611
1320 21120 1580.839266414018
1321 21136 1578.6987044277237
1322 21152 1572.2441240212122
1323 21168 1571.3539576425055
1324 21184 1575.6681766909192
1325 21200 1565.0472128088309
1326 21216 1570.0276262679731
1327 21232 1570.6364385849572
1328 21248 1569.1117753732494
1329 21264 1572.361288679398
1330 21280 1580.5472989965633
1331 21296 1571.4967868825279
1332 21312 1574.508448354477
1333 21328 1582.2993000185606
1334 21344 1573.3350851308064
1335 21360 1572.9298953849234
1336 21376 1576.1180145358107
1337 21392 1568.0260947476938
1338 21408 1573.9435867233371
1339 21424 1568.0896122640002
1340 21440 1566.7659890458629
1341 21456 1564.1388667383603
1342 21472 1568.3972017967271
1343 21488 1566.5094589689552
1344 21504 1575.7899383435997
1345 21520 1571.0150318156936
1346 21536 1574.8397697472183
1347 21552 1561.689297066178
1348 21568 1579.1383149709172
1349 21584 1572.4961559553547
1350 21600 1567.9683630309241
1351 21616 1568.8105079347563
1352 21632 1568.3919142033008
1353 21648 1566.3352351739195
1354 21664 1567.482030820087
1355 21680 1569.3881176991795
1356 21696 1569.9186389302347
1357 21712 1567.114811906116
1358 21728 1569.3942400141245
1359 21744 1560.0847567070891
1360 21760 1572.1425243936199
1361 21776 1576.204831544977
1362 21792 1568.6372543036116
1363 21808 1569.9764051170096
1364 21824 1572.9851407619735
1365 21840 1565.9637495109025
1366 21856 1569.099655559953
1367 21872 1557.5379115181877
1368 21888 1573.4485816087858
1369 21904 1569.8802974678922
1370 21920 1565.436217305478
1371 21936 1565.3186963961912
1372 21952 1566.0526398895506
1373 21968 1571.8659312534778
1374 21984 1566.2613343221742
1375 22000 1568.7541421938943
1376 22016 1566.6439137933373
1377 22032 1565.5443052153582
1378 22048 1561.3583685237288
1379 22064 1567.1464235501946
1380 22080 1562.1869238842548
1381 22096 1565.2561137186149
1382 22112 1569.7148037789063
1383 22128 1572.5120688277675
1384 22144 1567.1595579240727
1385 22160 1567.1124877857649
1386 22176 1568.742489132562
1387 22192 1565.5387404222606
1388 22208 1571.1669506189564
1389 22224 1567.1320749174995
1390 22240 1567.6840226626657
1391 22256 1569.9591281034968
1392 22272 1570.1051549194801
1393 22288 1566.7356908372285
1394 22304 1567.343917623029
1395 22320 1565.5200932801067
1396 22336 1561.5564547947506
1397 22352 1566.5246841020146
1398 22368 1568.8399481590538
1399 22384 1576.7823119347158
1400 22400 1564.1842119472149
1401 22416 1568.9037273208028
1402 22432 1564.2905150337167
1403 22448 1569.3537648530994
1404 22464 1569.6746411937795
1405 22480 1560.4579084119605
1406 22496 1569.9902930116803
1407 22512 1567.077515906456
1408 22528 1562.9416601766457
1409 22544 1566.148553758006
1410 22560 1567.5052847563047
1411 22576 1569.0538372743738
1412 22592 1559.1940746144714
1413 22608 1568.805182528631
1414 22624 1567.2613564655803
1415 22640 1567.2033105230853
1416 22656 1565.0477441949101
1417 22672 1566.8960353293248
1418 22688 1566.7506887554168
1419 22704 1565.5831577333265
1420 22720 1568.915709581759
1421 22736 1561.9978427461535
1422 22752 1564.7514218086676
1423 22768 1563.8548356903175
1424 22784 1561.8403023823116
1425 22800 1565.5402722259553
1426 22816 1565.7578739197018
1427 22832 1572.85107247328
1428 22848 1568.3526125110993
1429 22864 1565.527238501367
1430 22880 1565.0688644261368
1431 22896 1567.0798281185873
1432 22912 1567.7430333366867
1433 22928 1576.716095627099
1434 22944 1573.4551196808736
1435 22960 1571.7322295206768
1436 22976 1575.1948524052088
1437 22992 1574.898901997026
1438 23008 1574.7957470250783
1439 23024 1572.3196216222384
1440 23040 1577.0897862277525
1441 23056 1566.3868657302007
1442 23072 1571.9689561436862
1443 23088 1571.7893124163654
1444 23104 1572.5763658870912
1445 23120 1566.3368273252615
1446 23136 1569.4169483108371
1447 23152 1573.4967687490093
1448 23168 1568.5810296881518
1449 23184 1565.1210427254903
1450 23200 1568.4260361303282
1451 23216 1563.1962972712913
1452 23232 1566.9408446265313
1453 23248 1560.93229786641
1454 23264 1568.948565313401
1455 23280 1565.2754297137217
1456 23296 1563.6072205005828
1457 23312 1564.3685064885872
1458 23328 1559.4766150322082
1459 23344 1565.5566391981758
1460 23360 1568.8372224534924
1461 23376 1565.775178294082
1462 23392 1576.2653618324734
1463 23408 1574.6228003686883
1464 23424 1567.261351181051
1465 23440 1566.8826390673664
1466 23456 1572.9205382888485
1467 23472 1565.5964897450986
1468 23488 1572.947845269651
1469 23504 1567.6819040654948
1470 23520 1568.8027608217187
1471 23536 1564.0516732161686
1472 23552 1561.2652691714559
1473 23568 1561.35346712008
1474 23584 1571.2335262020786
1475 23600 1567.0056756210372
1476 23616 1567.307916862262
1477 23632 1571.533436730141
1478 23648 1568.542834894989
1479 23664 1564.1424900857646
1480 23680 1564.821658433733
1481 23696 1564.125826201841
1482 23712 1563.1821128607644
1483 23728 1563.6157089474955
1484 23744 1570.053667018175
1485 23760 1567.2305811719802
1486 23776 1564.7309626988024
1487 23792 1567.6244561420535
1488 23808 1567.5865484933615
1489 23824 1563.7023148859832
1490 23840 1568.8739053052852
1491 23856 1565.8648840275848
1492 23872 1563.5723203792618
1493 23888 1560.0989028757076
1494 23904 1566.0265980147417
1495 23920 1562.237866900421
1496 23936 1558.8417466132018
1497 23952 1565.570855295603
1498 23968 1568.813975110385
1499 23984 1566.2250100863214
1500 24000 1565.8700098403717
1501 24016 1566.4178329471035
1502 24032 1566.8821653452594
1503 24048 1562.12230547622
1504 24064 1562.4673011374778
1505 24080 1557.9095847003257
1506 24096 1563.0883530195226
1507 24112 1564.9459415673234
1508 24128 1564.2489566355373
1509 24144 1564.5816070327737
1510 24160 1570.1712036238284
1511 24176 1565.894836659395
1512 24192 1563.7921698577902
1513 24208 1561.9577809852271
1514 24224 1563.9099144415115
1515 24240 1564.6018198814681
1516 24256 1560.206526898688
1517 24272 1565.7508368730694
1518 24288 1564.698170613798
1519 24304 1562.9213291127994
1520 24320 1564.9717040648945
1521 24336 1563.0206869657984
1522 24352 1563.0572451606897
1523 24368 1565.666546629153
1524 24384 1563.9380600176303
1525 24400 1561.0372166632717
1526 24416 1562.342077335459
1527 24432 1562.8779063198683
1528 24448 1562.144128060947
1529 24464 1562.4447890893732
1530 24480 1560.7486023174165
1531 24496 1561.8528277546434
1532 24512 1566.9403220034967
1533 24528 1564.0940019040158
1534 24544 1568.961205999896
1535 24560 1562.251223773708
1536 24576 1563.3239261989654
1537 24592 1560.7417656586993
1538 24608 1563.5009254397537
1539 24624 1560.7854483890076
1540 24640 1564.583569331115
1541 24656 1560.9497916562054
1542 24672 1562.7013530461827
1543 24688 1561.5563842014685
1544 24704 1559.6152248022904
1545 24720 1559.5305849330907
1546 24736 1567.4051670861243
1547 24752 1564.167688913792
1548 24768 1563.5572349916256
1549 24784 1554.269490946629
1550 24800 1562.7689053323243
1551 24816 1565.3907021061154
1552 24832 1562.1368080543539
1553 24848 1561.9412311817955
1554 24864 1556.6732323767578
1555 24880 1563.6419459306137
1556 24896 1562.3172588165312
1557 24912 1560.568383873597
1558 24928 1557.7682468778908
1559 24944 1558.19218119638
1560 24960 1560.2791757136026
1561 24976 1563.8328324011309
1562 24992 1559.1537009722374
1563 25008 1559.5611755803195
1564 25024 1561.939781206539
1565 25040 1557.4658569302583
1566 25056 1565.3408172419051
1567 25072 1560.8272339549387
1568 25088 1562.200968734626
1569 25104 1560.207302029672
1570 25120 1564.819592984928
1571 25136 1563.540075975494
1572 25152 1564.6345412179896
1573 25168 1565.8232211736927
1574 25184 1560.4806402298673
1575 25200 1560.9488812237735
1576 25216 1562.6207553110808
1577 25232 1564.4599598954942
1578 25248 1555.707936952022
1579 25264 1563.40967135377
1580 25280 1561.4932654470151
1581 25296 1562.2266967607486
1582 25312 1555.3028685268284
1583 25328 1563.7748983041802
1584 25344 1560.017440923769
1585 25360 1560.410750302422
1586 25376 1562.9626155343917
1587 25392 1563.4057990369784
1588 25408 1555.1111995221415
1589 25424 1561.0125681319707
1590 25440 1560.0086788122799
1591 25456 1558.5827230668137
1592 25472 1561.2528394654323
1593 25488 1562.5890652356786
1594 25504 1561.56116465036
1595 25520 1564.7269503830757
1596 25536 1560.75336959935
1597 25552 1562.5033823022802
1598 25568 1563.6404542200555
1599 25584 1564.4432606168139
1600 25600 1559.8769897188133
1601 25616 1559.1245673589356
1602 25632 1561.1218383118369
1603 25648 1561.8819831420901
1604 25664 1563.3161130098422
1605 25680 1555.776615208801
1606 25696 1561.088576041622
1607 25712 1560.5486668794426
1608 25728 1563.0900841325686
1609 25744 1566.623558651037
1610 25760 1563.41077575519
1611 25776 1566.0397056891213
1612 25792 1563.8848139219856
1613 25808 1568.8925205104556
1614 25824 1562.711975310537
1615 25840 1569.7542968294447
1616 25856 1564.6659858310163
1617 25872 1564.9364459915473
1618 25888 1562.201502700141
1619 25904 1564.26602707771
1620 25920 1566.1655736827704
1621 25936 1564.4531393817847
1622 25952 1565.1113522330352
1623 25968 1562.5964714243994
1624 25984 1561.0177328054956
1625 26000 1566.6315462559817
1626 26016 1561.0996684904871
1627 26032 1558.7709090608155
1628 26048 1557.5612374623188
1629 26064 1558.2257930473982
1630 26080 1563.9070573030592
1631 26096 1565.1670693817946
1632 26112 1564.1460620378746
1633 26128 1562.0140991928233
1634 26144 1565.2058293358564
1635 26160 1557.0517186907136
1636 26176 1556.9431946519833
1637 26192 1560.1676782526874
1638 26208 1560.4391126597852
1639 26224 1557.5727044355724
1640 26240 1562.4178280823637
1641 26256 1559.70993921743
1642 26272 1562.5196418410999
1643 26288 1557.779852235081
1644 26304 1558.8092699965332
1645 26320 1556.4144754895533
1646 26336 1560.9584849482285
1647 26352 1558.007974642499
1648 26368 1558.4648604589015
1649 26384 1562.1463064561044
1650 26400 1555.6116465239538
1651 26416 1567.3797894789545
1652 26432 1560.6194844708784
1653 26448 1562.8720556486046
1654 26464 1562.6958378716627
1655 26480 1558.3058366414855
1656 26496 1558.828920202896
1657 26512 1554.8443893876192
1658 26528 1560.3892471999588
1659 26544 1560.030507444989
1660 26560 1557.3082304886348
1661 26576 1561.9762459719443
1662 26592 1554.6022008609439
1663 26608 1559.8266431464733
1664 26624 1560.7404035983398
1665 26640 1556.969924920929
1666 26656 1561.4012235136186
1667 26672 1560.89436419891
1668 26688 1559.5620627566207
1669 26704 1559.4242225245698
1670 26720 1564.2070998336374
1671 26736 1558.2219326310037
1672 26752 1563.9931826985392
1673 26768 1553.6425001740542
1674 26784 1561.208418909533
1675 26800 1558.8328729429682
1676 26816 1562.4889942259006
1677 26832 1551.814625464111
1678 26848 1564.0123703970655
1679 26864 1558.9509765491714
1680 26880 1561.60323750588
1681 26896 1562.6182214209828
1682 26912 1563.8914805209238
1683 26928 1559.1334213813625
1684 26944 1563.297228064
1685 26960 1559.2752097877508
1686 26976 1560.3208853033336
1687 26992 1558.226858168836
1688 27008 1557.4473155393982
1689 27024 1561.801171989925
1690 27040 1559.2755308379656
1691 27056 1562.1657442182645
1692 27072 1558.412016616191
1693 27088 1557.0377156064108
1694 27104 1555.584099245537
1695 27120 1553.31842195342
1696 27136 1563.1127384054823
1697 27152 1556.5737093993198
1698 27168 1562.7390752924741
1699 27184 1556.0184046075299
1700 27200 1566.457458109782
1701 27216 1559.5939999657558
1702 27232 1555.7528016252072
1703 27248 1554.379884573728
1704 27264 1566.75123355564
1705 27280 1562.4291090322477
1706 27296 1556.1953826112428
1707 27312 1554.4533332894068
1708 27328 1553.4068696399113
1709 27344 1560.0152146557648
1710 27360 1562.7150903503439
1711 27376 1562.0932817121572
1712 27392 1551.5666170197974
1713 27408 1561.933281980354
1714 27424 1562.3378691428406
1715 27440 1557.0208534265673
1716 27456 1560.2449008881356
1717 27472 1553.6514435078989
1718 27488 1554.8808565196002
1719 27504 1555.3732021927708
1720 27520 1555.0782599511128
1721 27536 1555.516945328968
1722 27552 1555.3154232826432
1723 27568 1552.365369353332
1724 27584 1553.9185237217962
1725 27600 1563.247403449652
1726 27616 1557.9856444888585
1727 27632 1560.4332722429874
1728 27648 1554.9400390353085
1729 27664 1556.847098561604
1730 27680 1561.380565359512
1731 27696 1560.8308530411887
1732 27712 1559.5850407249036
1733 27728 1556.9466880100156
1734 27744 1560.1208336620343
1735 27760 1554.1446746570336
1736 27776 1557.5512103861606
1737 27792 1559.0131678278158
1738 27808 1560.872509001764
1739 27824 1561.614762818928
1740 27840 1560.7701961062492
1741 27856 1556.2372976748459
1742 27872 1561.896621371142
1743 27888 1556.333897737701
1744 27904 1556.4701462655082
1745 27920 1557.4785518410513
1746 27936 1557.5555868162548
1747 27952 1561.1526460731466
1748 27968 1558.1018299818277
1749 27984 1554.4293909472894
1750 28000 1555.4845461073298
1751 28016 1555.6906017058657
1752 28032 1553.033458254732
1753 28048 1557.1154004332934
1754 28064 1556.5996252061066
1755 28080 1557.8035865774043
1756 28096 1559.651610799623
1757 28112 1559.749106227496
1758 28128 1557.1781935380802
1759 28144 1553.3896349800111
1760 28160 1554.63682608644
1761 28176 1560.9112665528855
1762 28192 1558.6609869503059
1763 28208 1555.54061598842
1764 28224 1559.657914562906
1765 28240 1556.4364166357832
1766 28256 1553.6958360891165
1767 28272 1554.947876327989
1768 28288 1561.7110479873984
1769 28304 1562.481117823377
1770 28320 1557.6085822594923
1771 28336 1560.8934991527403
1772 28352 1551.2514022276432
1773 28368 1558.7978594447004
1774 28384 1556.1499380088298
1775 28400 1554.3846312856613
1776 28416 1552.5055108749707
1777 28432 1556.462579153723
1778 28448 1556.6468995670198
1779 28464 1552.6454762123526
1780 28480 1557.1601633941775
1781 28496 1555.8223157471239
1782 28512 1555.8262747509693
1783 28528 1557.5998704688225
1784 28544 1563.577720426348
1785 28560 1553.1706645001898
1786 28576 1556.4992100428626
1787 28592 1563.0891768763295
1788 28608 1554.4163796793766
1789 28624 1555.6677535371468
1790 28640 1556.1552318666932
1791 28656 1554.179007476369
1792 28672 1558.9225400260725
1793 28688 1554.0330046143106
1794 28704 1561.4262323671946
1795 28720 1554.8381486564106
1796 28736 1559.1650614579166
1797 28752 1558.0374038463403
1798 28768 1560.1431545779033
1799 28784 1559.1485432996003
1800 28800 1565.3433084444853
1801 28816 1556.6729763584656
1802 28832 1553.6182429451592
1803 28848 1560.8549487928221
1804 28864 1552.596036974185
1805 28880 1557.4193835133021
1806 28896 1560.5923679301673
1807 28912 1560.3236417149694
1808 28928 1559.7474381832753
1809 28944 1564.037795101211
1810 28960 1557.518403558689
1811 28976 1554.5052463860734
1812 28992 1559.2844681513177
1813 29008 1559.7562682493276
1814 29024 1554.2623193921254
1815 29040 1560.2159070508421
1816 29056 1552.7427543912704
1817 29072 1553.8745801583805
1818 29088 1560.8992014816406
1819 29104 1554.458806731996
1820 29120 1556.9109044575587
1821 29136 1558.5546721190926
1822 29152 1558.0995380113156
1823 29168 1558.7154083231371
1824 29184 1557.7226576261842
1825 29200 1559.4745544691148
1826 29216 1555.5095896981923
1827 29232 1558.6385923019143
1828 29248 1560.471706658193
1829 29264 1558.1898429050873
1830 29280 1556.5983059909745
1831 29296 1555.3629144768984
1832 29312 1565.0675080223316
1833 29328 1557.6316617293814
1834 29344 1554.7159318224067
1835 29360 1567.731272162094
1836 29376 1561.8085427665121
1837 29392 1557.5570562986754
1838 29408 1560.2413299871755
1839 29424 1560.4141807783394
1840 29440 1558.7267009325926
1841 29456 1558.5102947977714
1842 29472 1554.0363284455036
1843 29488 1563.6604498229724
1844 29504 1555.7926527105733
1845 29520 1553.9461612945947
1846 29536 1561.425793257166
1847 29552 1562.7781551223652
1848 29568 1561.877378345725
1849 29584 1559.8469777091764
1850 29600 1562.6228101106792
1851 29616 1566.1948736917018
1852 29632 1558.2682116678
1853 29648 1560.5466060239028
1854 29664 1554.8518400004073
1855 29680 1559.3622487042257
1856 29696 1554.1990703174456
1857 29712 1558.004300508509
1858 29728 1557.6040309286718
1859 29744 1557.087585992058
1860 29760 1559.2582134004401
1861 29776 1564.7620366483425
1862 29792 1556.8176211557932
1863 29808 1553.5746520700695
1864 29824 1557.6742120145807
1865 29840 1558.5168246744595
1866 29856 1559.5978135035018
1867 29872 1555.5850916304685
1868 29888 1555.6893016887936
1869 29904 1552.5565742266172
1870 29920 1555.228922060017
1871 29936 1557.1554951271949
1872 29952 1560.1800725523387
1873 29968 1557.6709284035585
1874 29984 1555.5306614731594
1875 30000 1559.314262520625
1876 30016 1561.159512368779
1877 30032 1557.5634646474693
1878 30048 1560.1057869387923
1879 30064 1555.44165551583
1880 30080 1560.1395883574266
1881 30096 1557.8998736428744
1882 30112 1565.5574237484777
1883 30128 1565.6575005277825
1884 30144 1560.9224299242264
1885 30160 1561.6725216103475
1886 30176 1561.0614686571307
1887 30192 1551.5300803153812
1888 30208 1563.551120006995
1889 30224 1560.5216611890744
1890 30240 1560.8804633010875
1891 30256 1559.4575052833725
1892 30272 1556.670305141416
1893 30288 1557.7945076982048
1894 30304 1558.756084540124
1895 30320 1558.4461056141529
1896 30336 1560.2098457218058
1897 30352 1564.814341489825
1898 30368 1556.6661670291005
1899 30384 1560.300811360869
1900 30400 1553.2101805566067
1901 30416 1560.1698294303264
1902 30432 1559.7120982886447
1903 30448 1550.5175228843154
1904 30464 1556.0078820254398
1905 30480 1556.331397568604
1906 30496 1559.0192245546034
1907 30512 1558.1666593259652
1908 30528 1552.332436291835
1909 30544 1559.652153404219
1910 30560 1560.11787679221
1911 30576 1557.4435596986957
1912 30592 1555.330404015864
1913 30608 1561.4508340194247
1914 30624 1555.639502369768
1915 30640 1559.9863717212631
1916 30656 1558.1364329592132
1917 30672 1553.10368886144
1918 30688 1557.1716546741618
1919 30704 1553.7179565147558
1920 30720 1546.1096117761679
1921 30736 1560.9785968084755
1922 30752 1557.8667833985376
1923 30768 1555.8661149723694
1924 30784 1561.11469502809
1925 30800 1550.7273476538176
1926 30816 1554.4167822991403
1927 30832 1563.5607877016664
1928 30848 1561.5064505074936
1929 30864 1558.0458287532276
1930 30880 1558.1461333916836
1931 30896 1553.8501514275401
1932 30912 1556.0948470863293
1933 30928 1556.1343588430968
1934 30944 1558.9313504803636
1935 30960 1559.8915062697765
1936 30976 1556.4661490055953
1937 30992 1559.2164747306085
1938 31008 1556.861351658331
1939 31024 1556.2126635791337
1940 31040 1556.825934241189
1941 31056 1555.4408431625468
1942 31072 1561.5891292838605
1943 31088 1559.8863948398864
1944 31104 1559.1017924635407
1945 31120 1561.3332525838018
1946 31136 1561.8401306169135
1947 31152 1555.3581224932545
1948 31168 1560.7255913190418
1949 31184 1553.8724798284425
1950 31200 1551.3572911094288
1951 31216 1558.472351787444
1952 31232 1556.8102583167527
1953 31248 1559.0118636671082
1954 31264 1557.6537272600149
1955 31280 1560.0756123743204
1956 31296 1556.9581951752455
1957 31312 1564.323118303511
1958 31328 1558.7496413578588
1959 31344 1558.9093875617561
1960 31360 1556.6060815838307
1961 31376 1552.330332555246
1962 31392 1559.999863623306
1963 31408 1553.0690763386065
1964 31424 1559.266907262859
1965 31440 1558.7061216584214
1966 31456 1560.5214315012563
1967 31472 1556.8891786949468
1968 31488 1558.4640515366723
1969 31504 1560.723303525446
1970 31520 1558.1346310865126
1971 31536 1556.7214255212189
1972 31552 1558.5304586015818
1973 31568 1556.8381461447973
1974 31584 1556.2379071079902
1975 31600 1552.4512640849343
1976 31616 1561.3022730263976
1977 31632 1558.050160499984
1978 31648 1557.1134079648791
1979 31664 1550.471930555357
1980 31680 1553.9607138222505
1981 31696 1559.8845280805415
1982 31712 1551.440006250712
1983 31728 1558.0573918829482
1984 31744 1551.9206361607473
1985 31760 1560.5863836606832
1986 31776 1558.1008578372505
1987 31792 1555.2302278426414
1988 31808 1559.5932478209977
1989 31824 1558.9107421472447
1990 31840 1555.1107181196483
1991 31856 1554.4760812934148
1992 31872 1556.4946015388637
1993 31888 1555.184315785712
1994 31904 1556.9350108870758
1995 31920 1559.7802449021979
1996 31936 1556.3401714260342
1997 31952 1551.4596399255634
1998 31968 1560.4751610260462
1999 31984 1557.005881988277
2000 32000 1557.5096855225552
2001 32016 1554.7153194745006
2002 32032 1552.4367184822177
2003 32048 1557.2028941457406
2004 32064 1555.8228373978084
2005 32080 1553.5069554331844
2006 32096 1557.6747481687953
2007 32112 1557.4303231050174
2008 32128 1556.7014760850575
2009 32144 1555.3821893095887
2010 32160 1550.4062572307516
2011 32176 1553.2852742183352
2012 32192 1557.2147292999523
2013 32208 1556.6166030266756
2014 32224 1560.893931101663
2015 32240 1557.2901003178024
2016 32256 1558.967119368726
2017 32272 1556.4295984008052
2018 32288 1555.2584726858797
2019 32304 1560.1885649881829
2020 32320 1557.4684037456088
2021 32336 1556.4958964762104
2022 32352 1556.1623808972543
2023 32368 1560.4651493669337
2024 32384 1560.3838059981608
2025 32400 1557.7434569132072
2026 32416 1552.4477028584515
2027 32432 1557.28034095832
2028 32448 1556.114225554011
2029 32464 1557.1447893803927
2030 32480 1553.5576355993503
2031 32496 1559.5984715725879
2032 32512 1558.9094572509148
2033 32528 1557.1447514184422
2034 32544 1560.9077881786213
2035 32560 1558.8074154616497
2036 32576 1561.4887729239324
2037 32592 1558.890489249386
2038 32608 1557.7414757498345
2039 32624 1558.654642908516
2040 32640 1560.4102475769355
2041 32656 1555.9261934800259
2042 32672 1559.2921978520058
2043 32688 1558.022564787436
2044 32704 1562.7342962530995
2045 32720 1554.9299771858423
2046 32736 1554.4475840914704
2047 32752 1553.553948142924
2048 32768 1553.114575026143
2049 32784 1557.1152084278524
2050 32800 1558.2700614846715
2051 32816 1559.7199793742361
2052 32832 1560.1808090390286
2053 32848 1557.895931775157
2054 32864 1556.8943660347934
2055 32880 1555.0671407832722
2056 32896 1558.5428942687054
2057 32912 1555.9204571377536
2058 32928 1555.760980239888
2059 32944 1554.374708480908
2060 32960 1555.6608473126507
2061 32976 1559.6854539696906
2062 32992 1553.6894813875526
2063 33008 1559.418432660151
2064 33024 1558.7373264918326
2065 33040 1555.7970268046502
2066 33056 1553.6667895937628
2067 33072 1562.7206683126512
2068 33088 1554.7185277936067
2069 33104 1551.073655826512
2070 33120 1555.3814347215473
2071 33136 1555.6855438956902
2072 33152 1560.4790764084996
2073 33168 1557.6402593535893
2074 33184 1555.533478350085
2075 33200 1557.4736349064956
2076 33216 1557.4413157363188
2077 33232 1558.5270179465924
2078 33248 1556.876394691177
2079 33264 1560.9929089802608
2080 33280 1558.2247738446451
2081 33296 1558.821399759084
2082 33312 1555.615393056746
2083 33328 1554.6352091221538
2084 33344 1556.4843384333622
2085 33360 1556.9065119188988
2086 33376 1555.36027845154
2087 33392 1553.2186291979722
2088 33408 1553.9523909246718
2089 33424 1559.6268814272048
2090 33440 1555.4567120205406
2091 33456 1554.676818890834
2092 33472 1553.14918847516
2093 33488 1553.1390375385274
2094 33504 1557.635004373508
2095 33520 1558.4071120883234
2096 33536 1556.3030294570374
2097 33552 1555.1577762433228
2098 33568 1555.8894705758325
2099 33584 1557.4664175763148
2100 33600 1552.1645820654444
2101 33616 1556.8057818471025
2102 33632 1556.0310283531574
2103 33648 1556.145721550598
2104 33664 1553.745193467122
2105 33680 1556.9310380185639
2106 33696 1559.0016578197638
2107 33712 1558.9088103329632
2108 33728 1552.5149754821264
2109 33744 1554.9016700213278
2110 33760 1554.914892831397
2111 33776 1550.8158604699547
2112 33792 1552.9268283613224
2113 33808 1559.202041235686
2114 33824 1554.926825296874
2115 33840 1554.2795251181733
2116 33856 1562.74646504196
2117 33872 1555.897290766748
2118 33888 1554.5140755352813
2119 33904 1554.0547002352787
2120 33920 1555.7228967217454
2121 33936 1561.6788902926485
2122 33952 1556.888039072688
2123 33968 1559.813579450627
2124 33984 1557.2600538530687
2125 34000 1555.3691666362818
2126 34016 1554.0664688413624
2127 34032 1557.068741202862
2128 34048 1555.2720795498074
2129 34064 1560.0515372573109
2130 34080 1554.2257512896451
2131 34096 1557.2939606141254
2132 34112 1555.4881950922795
2133 34128 1558.531917365469
2134 34144 1556.0684742605877
2135 34160 1557.442003241562
2136 34176 1557.0381642986586
2137 34192 1550.3848910234535
2138 34208 1556.9784863295715
2139 34224 1554.9995043118988
2140 34240 1554.8257321853227
2141 34256 1556.5758715330664
2142 34272 1549.25309604247
2143 34288 1557.6787458139681
2144 34304 1553.475147307219
2145 34320 1557.1993620705673
2146 34336 1552.7243870750658
2147 34352 1561.054225515294
2148 34368 1553.9782850456706
2149 34384 1556.613215315028
2150 34400 1556.1517315793221
2151 34416 1554.3108263930221
2152 34432 1550.7834109811456
2153 34448 1559.318301812082
2154 34464 1555.490023531549
2155 34480 1555.1991075444041
2156 34496 1556.560212766942
2157 34512 1558.8779277739973
2158 34528 1556.4709812430344
2159 34544 1552.627720863654
2160 34560 1546.9725682439962
2161 34576 1556.2822557695438
2162 34592 1556.3037197062717
2163 34608 1558.7138196570577
2164 34624 1555.412964451322
2165 34640 1553.6702696001944
2166 34656 1557.1611587141401
2167 34672 1557.6380416895167
2168 34688 1557.920805519271
2169 34704 1555.8254603801827
2170 34720 1547.2518820323153
2171 34736 1553.7874937633126
2172 34752 1556.6010099809807
2173 34768 1554.12012035101
2174 34784 1554.6169317692154
2175 34800 1556.775714721526
2176 34816 1555.7582318807079
2177 34832 1559.5995669161591
2178 34848 1552.8755239639613
2179 34864 1558.5745369664057
2180 34880 1552.9108934555297
2181 34896 1556.2159918944017
2182 34912 1556.0246432271356
2183 34928 1549.2666317763446
2184 34944 1556.03987557977
2185 34960 1557.5689491943176
2186 34976 1558.28639385236
2187 34992 1551.2189328317586
2188 35008 1556.0843604154807
2189 35024 1552.5653529327396
2190 35040 1551.1015490200161
2191 35056 1557.4995946262165
2192 35072 1558.8826381430117
2193 35088 1555.2604229477204
2194 35104 1554.135830868311
2195 35120 1554.5585579886322
2196 35136 1558.9174161279147
2197 35152 1557.863308944266
2198 35168 1555.3729423260022
2199 35184 1552.6657972689118
2200 35200 1562.7671072401758
2201 35216 1554.36324686549
2202 35232 1552.6541976139254
2203 35248 1557.8044892056705
2204 35264 1562.4265717662424
2205 35280 1560.8621126668922
2206 35296 1554.5641703303904
2207 35312 1560.4622434217313
2208 35328 1561.3250813821699
2209 35344 1561.8948870868453
2210 35360 1556.2624465277554
2211 35376 1555.8129235676215
2212 35392 1554.3394076945983
2213 35408 1552.9667917002505
2214 35424 1548.4141914637596
2215 35440 1552.9270249430058
2216 35456 1557.4088304799538
2217 35472 1553.7076899477652
2218 35488 1557.7227696338257
2219 35504 1557.4594296829068
2220 35520 1557.9033462215054
2221 35536 1553.2060493148113
2222 35552 1551.6231277702548
2223 35568 1555.897585943543
2224 35584 1554.7378291036628
2225 35600 1558.1907913662044
2226 35616 1557.0392666505854
2227 35632 1555.0900750226317
2228 35648 1558.8563606967164
2229 35664 1551.2892004924313
2230 35680 1554.3557861052068
2231 35696 1553.546635255131
2232 35712 1562.486155428067
2233 35728 1556.9661907635136
2234 35744 1555.8267661281184
2235 35760 1556.142394269635
2236 35776 1557.6282344199988
2237 35792 1552.0934300785984
2238 35808 1553.5737997229555
2239 35824 1554.2976783326926
2240 35840 1554.0109336165965
2241 35856 1551.9740411877258
2242 35872 1552.7244126224432
2243 35888 1557.8813185594452
2244 35904 1550.6362519604313
2245 35920 1557.6047883630636
2246 35936 1555.720108144824
2247 35952 1556.2303312960441
2248 35968 1556.0508264260675
2249 35984 1560.0642845501745
2250 36000 1554.3767399316534
2251 36016 1549.217763513226
2252 36032 1549.415911890686
2253 36048 1560.465150739059
2254 36064 1555.4898794435069
2255 36080 1555.9368889328828
2256 36096 1556.2553543470533
2257 36112 1556.3937199220936
2258 36128 1558.445193439372
2259 36144 1556.3351594276724
2260 36160 1560.0333706617978
2261 36176 1552.1321323057955
2262 36192 1554.645373604083
2263 36208 1554.2794480361406
2264 36224 1556.1896586396845
2265 36240 1550.6058966708595
2266 36256 1555.6085403677216
2267 36272 1552.2316327509163
2268 36288 1555.84602320585
2269 36304 1557.7614373092745
2270 36320 1552.9816962477753
2271 36336 1551.7719354151634
2272 36352 1553.42274437588
2273 36368 1554.6359958757089
2274 36384 1551.7340142244702
2275 36400 1553.0830839083076
2276 36416 1557.9317631782073
2277 36432 1551.2715135571366
2278 36448 1555.1871305939858
2279 36464 1557.5156379655757
2280 36480 1552.841799147037
2281 36496 1558.016381079596
2282 36512 1551.429837446504
2283 36528 1549.9900682646326
2284 36544 1553.7840264054187
2285 36560 1556.418882549097
2286 36576 1555.853589927168
2287 36592 1551.7955793910548
2288 36608 1556.9474923449204
2289 36624 1553.0437184605717
2290 36640 1547.1190537866653
2291 36656 1554.803937839984
2292 36672 1558.3191272128356
2293 36688 1550.047670317159
2294 36704 1556.33013799011
2295 36720 1549.1059157988932
2296 36736 1552.8544451516261
2297 36752 1549.7435675702789
2298 36768 1554.544469999505
2299 36784 1554.9600757476423
