#Logger
1.0 16.0 1.003293161905774
2.0 32.0 1.0063059289556748
3.0 48.0 1.0135018955295059
4.0 64.0 1.0195395489417067
5.0 80.0 1.0328365106236668
6.0 96.0 1.043599244496414
7.0 112.0 1.053406382163006
8.0 128.0 1.061449060599831
9.0 144.0 1.0714507506132023
10.0 160.0 1.0762130976674624
11.0 176.0 1.0831270132082707
12.0 192.0 1.072486269891292
13.0 208.0 1.0634454696098243
14.0 224.0 1.05852368665749
15.0 240.0 1.0487345627120714
16.0 256.0 1.032986224988442
17.0 272.0 1.0149243135519483
18.0 288.0 0.9960598530136159
19.0 304.0 0.9803820795377546
20.0 320.0 0.9741653183891517
21.0 336.0 0.9690687293365904
22.0 352.0 0.9615306976938621
23.0 368.0 0.9527509591277786
24.0 384.0 0.9413624019070833
25.0 400.0 0.932619491354898
26.0 416.0 0.9286534347842481
27.0 432.0 0.9245910108249563
28.0 448.0 0.9208784928310948
29.0 464.0 0.9243128483964883
30.0 480.0 0.926430910685451
31.0 496.0 0.9290521863155395
32.0 512.0 0.9285164051082658
33.0 528.0 0.9239080689287658
34.0 544.0 0.9144548637645433
35.0 560.0 0.9099404871545138
36.0 576.0 0.899814848258823
37.0 592.0 0.8865999256430913
38.0 608.0 0.8781729328016071
39.0 624.0 0.8756805390587975
40.0 640.0 0.8652344461283815
41.0 656.0 0.8562023274446506
42.0 672.0 0.8480324916749926
43.0 688.0 0.8394043912786014
44.0 704.0 0.831249511991119
45.0 720.0 0.8286079911907414
46.0 736.0 0.8233479063284839
47.0 752.0 0.821491163661265
48.0 768.0 0.8188328688892084
49.0 784.0 0.8273786258572194
50.0 800.0 0.8325344195626635
51.0 816.0 0.835331667476508
52.0 832.0 0.83294930675379
53.0 848.0 0.8292727439462524
54.0 864.0 0.824529564195605
55.0 880.0 0.8207085929864251
56.0 896.0 0.8125152356082991
57.0 912.0 0.8040635006599731
58.0 928.0 0.7989785973813307
59.0 944.0 0.7968039178861815
60.0 960.0 0.7975604939016869
61.0 976.0 0.7995638213915071
62.0 992.0 0.8010165087756178
63.0 1008.0 0.8047358201051632
64.0 1024.0 0.8070516676987358
65.0 1040.0 0.8094803491033562
66.0 1056.0 0.8087351773381218
67.0 1072.0 0.8052602585877376
68.0 1088.0 0.8034669247462265
69.0 1104.0 0.8065783346934484
70.0 1120.0 0.8185767397939492
71.0 1136.0 0.8341794590434275
72.0 1152.0 0.8431888049036081
73.0 1168.0 0.8532699487733809
74.0 1184.0 0.8650832805279034
75.0 1200.0 0.8766568217833737
76.0 1216.0 0.8822314972078198
77.0 1232.0 0.8889531826939828
78.0 1248.0 0.8928549142019816
79.0 1264.0 0.8886843215837363
80.0 1280.0 0.885471565818142
81.0 1296.0 0.8847463134427842
82.0 1312.0 0.8858189542308822
83.0 1328.0 0.8890838101476943
84.0 1344.0 0.8937346699501958
85.0 1360.0 0.8941042515102381
86.0 1376.0 0.8948647362172414
87.0 1392.0 0.889072172438224
88.0 1408.0 0.8880997537569703
89.0 1424.0 0.8786906426329886
90.0 1440.0 0.8683001697991464
91.0 1456.0 0.8516676102976238
92.0 1472.0 0.8375583153278804
93.0 1488.0 0.8213302069712503
94.0 1504.0 0.8109007259734267
95.0 1520.0 0.8034951191172635
96.0 1536.0 0.792910139075084
97.0 1552.0 0.7899652331254372
98.0 1568.0 0.7891576536873366
99.0 1584.0 0.7869218960701809
100.0 1600.0 0.7866831502123296
101.0 1616.0 0.7870147902085269
102.0 1632.0 0.7843855992828846
103.0 1648.0 0.7837164533943155
104.0 1664.0 0.7849525531326436
105.0 1680.0 0.7925641300056371
106.0 1696.0 0.7988500262536585
107.0 1712.0 0.7967646000104707
108.0 1728.0 0.7944307367373603
109.0 1744.0 0.795820351464117
110.0 1760.0 0.8018279290733427
111.0 1776.0 0.8080143009472248
112.0 1792.0 0.8105127144279308
113.0 1808.0 0.810555763459298
114.0 1824.0 0.80463923583715
115.0 1840.0 0.7984304483537114
116.0 1856.0 0.7884260401553741
117.0 1872.0 0.786249421782574
118.0 1888.0 0.7791654896245859
119.0 1904.0 0.772553145198685
120.0 1920.0 0.765057184680183
121.0 1936.0 0.7519370459396858
122.0 1952.0 0.7329266843144876
123.0 1968.0 0.7191547241977579
124.0 1984.0 0.7101665755152926
125.0 2000.0 0.7023752856333215
126.0 2016.0 0.6862831563460237
127.0 2032.0 0.6703650390460115
128.0 2048.0 0.656853446137064
129.0 2064.0 0.6467269113824893
130.0 2080.0 0.6414838380747552
131.0 2096.0 0.6393117861623366
132.0 2112.0 0.6418006596048976
133.0 2128.0 0.6386092235059936
134.0 2144.0 0.6356577597299601
135.0 2160.0 0.6329791573668399
136.0 2176.0 0.6311227515776558
137.0 2192.0 0.6264771470874851
138.0 2208.0 0.6211441887658421
139.0 2224.0 0.6158511539772733
140.0 2240.0 0.6122504135757212
141.0 2256.0 0.6070011297401554
142.0 2272.0 0.5969406968458703
143.0 2288.0 0.5910259190519784
144.0 2304.0 0.5840542880747128
145.0 2320.0 0.5784826267745489
146.0 2336.0 0.5733717237016629
147.0 2352.0 0.5681406911076952
148.0 2368.0 0.5656057918574555
149.0 2384.0 0.5639171769478774
150.0 2400.0 0.5658347012551505
151.0 2416.0 0.5648198467522303
152.0 2432.0 0.5629144433870921
153.0 2448.0 0.5596394392745603
154.0 2464.0 0.555487102564141
155.0 2480.0 0.5501111181253193
156.0 2496.0 0.5449952745395147
157.0 2512.0 0.543491064001738
158.0 2528.0 0.5396168302300949
159.0 2544.0 0.5385478409500517
160.0 2560.0 0.5393691377794714
161.0 2576.0 0.539383378467742
162.0 2592.0 0.5374432082733626
163.0 2608.0 0.534607364331136
164.0 2624.0 0.528282415733189
165.0 2640.0 0.5233584643165791
166.0 2656.0 0.5209797649287299
167.0 2672.0 0.5127263796633007
168.0 2688.0 0.5035436006826653
169.0 2704.0 0.4925547508412462
170.0 2720.0 0.4883909875973881
171.0 2736.0 0.4864041327825226
172.0 2752.0 0.4860199889152783
173.0 2768.0 0.4820664416403887
174.0 2784.0 0.4785303579974591
175.0 2800.0 0.4758842694907538
176.0 2816.0 0.47659605576520025
177.0 2832.0 0.4759382347839078
178.0 2848.0 0.4778065367563308
179.0 2864.0 0.4798142630309019
180.0 2880.0 0.484407903090481
181.0 2896.0 0.48516998852909665
182.0 2912.0 0.4844413167111714
183.0 2928.0 0.4835309475576809
184.0 2944.0 0.48620950053524953
185.0 2960.0 0.48920391683047
186.0 2976.0 0.49276771720393464
187.0 2992.0 0.49213817032002627
188.0 3008.0 0.4901898643874798
189.0 3024.0 0.48577766652617244
190.0 3040.0 0.48029922350996135
191.0 3056.0 0.47304819094285805
192.0 3072.0 0.46722364880515177
193.0 3088.0 0.4635267012220726
194.0 3104.0 0.46296754947397284
195.0 3120.0 0.4620382068059232
196.0 3136.0 0.45984411474799075
197.0 3152.0 0.45718700691865716
198.0 3168.0 0.457652435227872
199.0 3184.0 0.45778122872549476
200.0 3200.0 0.45695379163076766
201.0 3216.0 0.45597747925954496
202.0 3232.0 0.4578946600904704
203.0 3248.0 0.4608696940817686
204.0 3264.0 0.46287323121868607
205.0 3280.0 0.46448799581948486
206.0 3296.0 0.4660390707253186
207.0 3312.0 0.4651675495391119
208.0 3328.0 0.4641782554935097
209.0 3344.0 0.4627682820631829
210.0 3360.0 0.45988441289496057
211.0 3376.0 0.45851603038446576
212.0 3392.0 0.4579936441861538
213.0 3408.0 0.4580527139407058
214.0 3424.0 0.45662885511301543
215.0 3440.0 0.45379638494402247
216.0 3456.0 0.45137988771119664
217.0 3472.0 0.44950461090677396
218.0 3488.0 0.4441978791132784
219.0 3504.0 0.4384435818515313
220.0 3520.0 0.43882567397677025
221.0 3536.0 0.44040836464441285
222.0 3552.0 0.440097396354663
223.0 3568.0 0.44295296378521615
224.0 3584.0 0.4445446817121336
225.0 3600.0 0.44584781760749154
226.0 3616.0 0.4467894913421774
227.0 3632.0 0.44508092419594764
228.0 3648.0 0.4433448027929904
229.0 3664.0 0.43966142381867984
230.0 3680.0 0.4351599631503062
231.0 3696.0 0.4298083444553872
232.0 3712.0 0.4265278298727645
233.0 3728.0 0.42513386719499535
234.0 3744.0 0.4214761631169124
235.0 3760.0 0.42164085081360386
236.0 3776.0 0.42313429551719006
237.0 3792.0 0.42254968208735927
238.0 3808.0 0.4209932030331844
239.0 3824.0 0.4201203260002211
240.0 3840.0 0.4180556080625558
241.0 3856.0 0.4140365893251945
242.0 3872.0 0.40923701204833146
243.0 3888.0 0.40536487083136763
244.0 3904.0 0.4023557480630012
245.0 3920.0 0.3992502064749382
246.0 3936.0 0.3978365908834794
247.0 3952.0 0.3932381163002889
248.0 3968.0 0.3901540826417723
249.0 3984.0 0.3872966973452787
250.0 4000.0 0.3865854848728744
251.0 4016.0 0.38725383297932287
252.0 4032.0 0.3878707451453686
253.0 4048.0 0.38862731526803146
254.0 4064.0 0.38899364788465535
255.0 4080.0 0.3899234739818988
256.0 4096.0 0.3934058291221786
257.0 4112.0 0.3937498670407006
258.0 4128.0 0.39641051678053585
259.0 4144.0 0.3937424911484199
260.0 4160.0 0.39247936443632864
261.0 4176.0 0.38769139950525117
262.0 4192.0 0.3843170961960158
263.0 4208.0 0.38097542678723073
264.0 4224.0 0.375702622401393
265.0 4240.0 0.3704909991567703
266.0 4256.0 0.3670745898635999
267.0 4272.0 0.36316347185988695
268.0 4288.0 0.3603011333606015
269.0 4304.0 0.35699186166923347
270.0 4320.0 0.35361118422241566
271.0 4336.0 0.3504534704702348
272.0 4352.0 0.3474297298987946
273.0 4368.0 0.34330601401404603
274.0 4384.0 0.3387058637678723
275.0 4400.0 0.3340759839564904
276.0 4416.0 0.3306688311786505
277.0 4432.0 0.32621741133403104
278.0 4448.0 0.3215048826988679
279.0 4464.0 0.3171205161699919
280.0 4480.0 0.3142975062872627
281.0 4496.0 0.3110405650359729
282.0 4512.0 0.3108930528165492
283.0 4528.0 0.31084622062446393
284.0 4544.0 0.31217202852668396
285.0 4560.0 0.3138695617928876
286.0 4576.0 0.31301596028197143
287.0 4592.0 0.3118124077072375
288.0 4608.0 0.31151087473961186
289.0 4624.0 0.31069221557125376
290.0 4640.0 0.30866028420571395
291.0 4656.0 0.30647711669038313
292.0 4672.0 0.304791430412614
293.0 4688.0 0.30285618332458136
294.0 4704.0 0.3002007736273483
295.0 4720.0 0.29670762525127975
296.0 4736.0 0.2941113160949883
297.0 4752.0 0.2950489162899724
298.0 4768.0 0.29500778720302223
299.0 4784.0 0.2935347987767376
300.0 4800.0 0.29003260929081853
301.0 4816.0 0.286951571076998
302.0 4832.0 0.28527329188471406
303.0 4848.0 0.283955504440535
304.0 4864.0 0.28175313108415684
305.0 4880.0 0.2774243337874365
306.0 4896.0 0.27563036252595063
307.0 4912.0 0.2742820401405417
308.0 4928.0 0.2748143759056174
309.0 4944.0 0.2747894888255436
310.0 4960.0 0.27333687984557303
311.0 4976.0 0.2718887050493549
312.0 4992.0 0.2712200795361561
313.0 5008.0 0.2707474635160445
314.0 5024.0 0.26914515232521596
315.0 5040.0 0.2669631213864813
316.0 5056.0 0.2649942629089248
317.0 5072.0 0.26309290587465145
318.0 5088.0 0.26249789831884085
319.0 5104.0 0.261204236225058
320.0 5120.0 0.25899694938122725
321.0 5136.0 0.25555243273733114
322.0 5152.0 0.2517351666639666
323.0 5168.0 0.2499628448482862
324.0 5184.0 0.24789590159179406
325.0 5200.0 0.2465901350208723
326.0 5216.0 0.24389257010418547
327.0 5232.0 0.23988530817700446
328.0 5248.0 0.23658420845117273
329.0 5264.0 0.23331380404866228
330.0 5280.0 0.23088431053262443
331.0 5296.0 0.2272960099921943
332.0 5312.0 0.22403408130371016
333.0 5328.0 0.22037252604241336
334.0 5344.0 0.21886173228351719
335.0 5360.0 0.21801940600150313
336.0 5376.0 0.21664639775993547
337.0 5392.0 0.2152046349390712
338.0 5408.0 0.21242343044744014
339.0 5424.0 0.2118252858051064
340.0 5440.0 0.21080205142730007
341.0 5456.0 0.21107920488188292
342.0 5472.0 0.21135431434485452
343.0 5488.0 0.21214542846969026
344.0 5504.0 0.21261584231099995
345.0 5520.0 0.2109482522020668
346.0 5536.0 0.20968935229321659
347.0 5552.0 0.20914528578733052
348.0 5568.0 0.20700807664509221
349.0 5584.0 0.20543912797916958
350.0 5600.0 0.20334567906001993
351.0 5616.0 0.2006586063231206
352.0 5632.0 0.19870065249215754
353.0 5648.0 0.19773779640791989
354.0 5664.0 0.19775678356801332
355.0 5680.0 0.1986667627865026
356.0 5696.0 0.1982919820903654
357.0 5712.0 0.19749810030841397
358.0 5728.0 0.19562895591615723
359.0 5744.0 0.1945680760189823
360.0 5760.0 0.1938959025326331
361.0 5776.0 0.19305689951921953
362.0 5792.0 0.19206291649514223
363.0 5808.0 0.19103434133959096
364.0 5824.0 0.18979470581341726
365.0 5840.0 0.18786501187871976
366.0 5856.0 0.1866354208411747
367.0 5872.0 0.18636249985444917
368.0 5888.0 0.18557997770151594
369.0 5904.0 0.18449995956314033
370.0 5920.0 0.18267403083724643
371.0 5936.0 0.1803974233846669
372.0 5952.0 0.17852556036382225
373.0 5968.0 0.17670341042231413
374.0 5984.0 0.17515321504235598
375.0 6000.0 0.1750408575484055
376.0 6016.0 0.17568854184314198
377.0 6032.0 0.17630898653939053
378.0 6048.0 0.17741942567896632
379.0 6064.0 0.17833828563369933
380.0 6080.0 0.17857555179136408
381.0 6096.0 0.1785474938489469
382.0 6112.0 0.17744231511177413
383.0 6128.0 0.17652019632871965
384.0 6144.0 0.17563832472467303
385.0 6160.0 0.1735055781146211
386.0 6176.0 0.1723113714470192
387.0 6192.0 0.17020273641118028
388.0 6208.0 0.1681878012328026
389.0 6224.0 0.16667086640409073
390.0 6240.0 0.16513573510870871
391.0 6256.0 0.16316461173230837
392.0 6272.0 0.16139958449972797
393.0 6288.0 0.15875946643084052
394.0 6304.0 0.15705866963479437
395.0 6320.0 0.15620842321688486
396.0 6336.0 0.15584487625546636
397.0 6352.0 0.15591134517540417
398.0 6368.0 0.15504896215425945
399.0 6384.0 0.15359889282522302
400.0 6400.0 0.15335738839176594
401.0 6416.0 0.15400792526345544
402.0 6432.0 0.1531094607455362
403.0 6448.0 0.1523547334425932
404.0 6464.0 0.15171808999603628
405.0 6480.0 0.15062374318826854
406.0 6496.0 0.1493783152668857
407.0 6512.0 0.14842581697899623
408.0 6528.0 0.14795041274174683
409.0 6544.0 0.14674976861235162
410.0 6560.0 0.14432857916522307
411.0 6576.0 0.14263956558056706
412.0 6592.0 0.14201669580070275
413.0 6608.0 0.1414613565377082
414.0 6624.0 0.139400260899508
415.0 6640.0 0.13695243251748354
416.0 6656.0 0.135418285420399
417.0 6672.0 0.13315977256880573
418.0 6688.0 0.1318668047756506
419.0 6704.0 0.13177825953168126
420.0 6720.0 0.13133994954477282
421.0 6736.0 0.12985511152275903
422.0 6752.0 0.12763152921629753
423.0 6768.0 0.1257621456217561
424.0 6784.0 0.12461930804722786
425.0 6800.0 0.1242425528647103
426.0 6816.0 0.12355862455357623
427.0 6832.0 0.1220211145004558
428.0 6848.0 0.12061974080705923
429.0 6864.0 0.11876637256589916
430.0 6880.0 0.1168075424477738
431.0 6896.0 0.11465691913951434
432.0 6912.0 0.11268370771541725
433.0 6928.0 0.11088644105459036
434.0 6944.0 0.11094608606173072
435.0 6960.0 0.11110603216784339
436.0 6976.0 0.11116586828528983
437.0 6992.0 0.11138862661959406
438.0 7008.0 0.11121954761266409
439.0 7024.0 0.11162243417364515
440.0 7040.0 0.11262673370850347
441.0 7056.0 0.11333350098496439
442.0 7072.0 0.11274408939561721
443.0 7088.0 0.11228496468855284
444.0 7104.0 0.11166632928780654
445.0 7120.0 0.11136321876085255
446.0 7136.0 0.11123443429505961
447.0 7152.0 0.1113998099483693
448.0 7168.0 0.1107158062786615
449.0 7184.0 0.11037026400261452
450.0 7200.0 0.1102521832969302
451.0 7216.0 0.11110600803581423
452.0 7232.0 0.11153489223504486
453.0 7248.0 0.11192599638477889
454.0 7264.0 0.11212031309145841
455.0 7280.0 0.11295858149849172
456.0 7296.0 0.11379856170626544
457.0 7312.0 0.1142628335222028
458.0 7328.0 0.11415595741924969
459.0 7344.0 0.11409950901156884
460.0 7360.0 0.11467763434217722
461.0 7376.0 0.11473075891417073
462.0 7392.0 0.11448998164607736
463.0 7408.0 0.11431109100829358
464.0 7424.0 0.11428900683642715
465.0 7440.0 0.11432830168506707
466.0 7456.0 0.11349495855296447
467.0 7472.0 0.11198830323310248
468.0 7488.0 0.11166110001845725
469.0 7504.0 0.11186860584510014
470.0 7520.0 0.11121677590435733
471.0 7536.0 0.11069007262729864
472.0 7552.0 0.11047976423961241
473.0 7568.0 0.11030713069353143
474.0 7584.0 0.11091086123058629
475.0 7600.0 0.11117474472705535
476.0 7616.0 0.11150496179846167
477.0 7632.0 0.1101968887469677
478.0 7648.0 0.11005481952890404
479.0 7664.0 0.1097218785430568
480.0 7680.0 0.10989689790574175
481.0 7696.0 0.10998679762247573
482.0 7712.0 0.10986284818882301
483.0 7728.0 0.11007999174798885
484.0 7744.0 0.11074826081232476
485.0 7760.0 0.11084959025673981
486.0 7776.0 0.11044323128706256
487.0 7792.0 0.11020856152374572
488.0 7808.0 0.1101855603527747
489.0 7824.0 0.11066061848744481
490.0 7840.0 0.11157536792903319
491.0 7856.0 0.11129639752024134
492.0 7872.0 0.1114900778339744
493.0 7888.0 0.11219352829959181
494.0 7904.0 0.1131789619565957
495.0 7920.0 0.11314315877579563
496.0 7936.0 0.11242246493113406
497.0 7952.0 0.11164060634185961
498.0 7968.0 0.11232599898262387
499.0 7984.0 0.11318585255008366
500.0 8000.0 0.11378590503194062
501.0 8016.0 0.11474078514974392
502.0 8032.0 0.11532186688509785
503.0 8048.0 0.11577592778584861
504.0 8064.0 0.11587753854628803
505.0 8080.0 0.11566105989928079
506.0 8096.0 0.11577016587785201
507.0 8112.0 0.11657432320449297
508.0 8128.0 0.11679089967631605
509.0 8144.0 0.11634952772282672
510.0 8160.0 0.1160369686842234
511.0 8176.0 0.1164752918986697
512.0 8192.0 0.11627390634648105
513.0 8208.0 0.11587142934525188
514.0 8224.0 0.11590016152947895
515.0 8240.0 0.11619039899612513
516.0 8256.0 0.11658169498361926
517.0 8272.0 0.11710554227169499
518.0 8288.0 0.1163262557274282
519.0 8304.0 0.11564672901372644
520.0 8320.0 0.11544465153311144
521.0 8336.0 0.11502758100347081
522.0 8352.0 0.11303996040920888
523.0 8368.0 0.11002505762280831
524.0 8384.0 0.10767107621270978
525.0 8400.0 0.10666113180945334
526.0 8416.0 0.1065135092287755
527.0 8432.0 0.10629377788408505
528.0 8448.0 0.10658330274716957
529.0 8464.0 0.10638974493747003
530.0 8480.0 0.1055533285285371
531.0 8496.0 0.10528585710394234
532.0 8512.0 0.10518441516131065
533.0 8528.0 0.10508911278220945
534.0 8544.0 0.10514532459358392
535.0 8560.0 0.10547684086780734
536.0 8576.0 0.10571316066632097
537.0 8592.0 0.10564354228923506
538.0 8608.0 0.1050377953322453
539.0 8624.0 0.10335573211612667
540.0 8640.0 0.10216240897564613
541.0 8656.0 0.10036385194960708
542.0 8672.0 0.09843570195383768
543.0 8688.0 0.09674094554651776
544.0 8704.0 0.0941394683811701
545.0 8720.0 0.09182295430610857
546.0 8736.0 0.08959575971956099
547.0 8752.0 0.08760746615784375
548.0 8768.0 0.08616054705812536
549.0 8784.0 0.08439033213700994
550.0 8800.0 0.08323664548191372
551.0 8816.0 0.08212977601275498
552.0 8832.0 0.08141918373888214
553.0 8848.0 0.08047305688871968
554.0 8864.0 0.07928158783014581
555.0 8880.0 0.07839891266373672
556.0 8896.0 0.07813152214229953
557.0 8912.0 0.07799220755210597
558.0 8928.0 0.07784729205170099
559.0 8944.0 0.07720721512042528
560.0 8960.0 0.0767654770139458
561.0 8976.0 0.07655139142025834
562.0 8992.0 0.07683705027221208
563.0 9008.0 0.07678296448565956
564.0 9024.0 0.07677678998528713
565.0 9040.0 0.07738675208501589
566.0 9056.0 0.07776521926949465
567.0 9072.0 0.07758309596575794
568.0 9088.0 0.07744303218029015
569.0 9104.0 0.07708633368972122
570.0 9120.0 0.07697857314062002
571.0 9136.0 0.07672538312612265
572.0 9152.0 0.07683703603141205
573.0 9168.0 0.07715208322701864
574.0 9184.0 0.0775040962792877
575.0 9200.0 0.07751725753367551
576.0 9216.0 0.0771437617420305
577.0 9232.0 0.07750766800472073
578.0 9248.0 0.0774324585682389
579.0 9264.0 0.07753699330027645
580.0 9280.0 0.07797257988316368
581.0 9296.0 0.07812661952351822
582.0 9312.0 0.07855589567084337
583.0 9328.0 0.07924718485656145
584.0 9344.0 0.07905162403801133
585.0 9360.0 0.07928539015425752
586.0 9376.0 0.07902732987366567
587.0 9392.0 0.07863218413399106
588.0 9408.0 0.07839843866733959
589.0 9424.0 0.07811602350128469
590.0 9440.0 0.07790743110824008
591.0 9456.0 0.07721081035904619
592.0 9472.0 0.07598083135218729
593.0 9488.0 0.07390058386415399
594.0 9504.0 0.07216431864075513
595.0 9520.0 0.07089417037837521
596.0 9536.0 0.06942985999051081
597.0 9552.0 0.06778142065697508
598.0 9568.0 0.0664791725615542
599.0 9584.0 0.0653385144071526
600.0 9600.0 0.0648039904386762
601.0 9616.0 0.06471979212218598
602.0 9632.0 0.06463233247028523
603.0 9648.0 0.06440938474983438
604.0 9664.0 0.0642955097991804
605.0 9680.0 0.06430219381434787
606.0 9696.0 0.06488577909767101
607.0 9712.0 0.06583915880760612
608.0 9728.0 0.06724430066638426
609.0 9744.0 0.06844125694286324
610.0 9760.0 0.06925772963213571
611.0 9776.0 0.06981875758234252
612.0 9792.0 0.07063634769630375
613.0 9808.0 0.07103246548004703
614.0 9824.0 0.0711370989317909
615.0 9840.0 0.07093881306415147
616.0 9856.0 0.07054548522385103
617.0 9872.0 0.0708103335877327
618.0 9888.0 0.07079376625412347
619.0 9904.0 0.07055034627930537
620.0 9920.0 0.07027907665404844
621.0 9936.0 0.07005807490268497
622.0 9952.0 0.06963872165846395
623.0 9968.0 0.06947536221179082
624.0 9984.0 0.06975772405311723
625.0 10000.0 0.06974507835380205
626.0 10016.0 0.0699392958516279
627.0 10032.0 0.07000656211949283
628.0 10048.0 0.0698795405694983
629.0 10064.0 0.06972137933105878
630.0 10080.0 0.0694621479219594
631.0 10096.0 0.06901462308089629
632.0 10112.0 0.06858885745874681
633.0 10128.0 0.06833686708209
634.0 10144.0 0.06890110709248501
635.0 10160.0 0.06945370151462453
636.0 10176.0 0.06945736457614918
637.0 10192.0 0.06920369159072011
638.0 10208.0 0.0692689046103998
639.0 10224.0 0.06959947189857817
640.0 10240.0 0.06969777336000423
641.0 10256.0 0.06939110636171174
642.0 10272.0 0.06859979346387107
643.0 10288.0 0.06812964199903336
644.0 10304.0 0.06784164380120365
645.0 10320.0 0.06821120120684414
646.0 10336.0 0.0685383576779379
647.0 10352.0 0.06894515349681522
648.0 10368.0 0.06883776221402772
649.0 10384.0 0.06844633566595802
650.0 10400.0 0.06786953477791915
651.0 10416.0 0.06712797865171881
652.0 10432.0 0.06651183972850948
653.0 10448.0 0.06592531197459978
654.0 10464.0 0.06485622829676604
655.0 10480.0 0.0635691960732775
656.0 10496.0 0.06263686278976974
657.0 10512.0 0.061802160615550696
658.0 10528.0 0.061249176978985666
659.0 10544.0 0.06122633015259759
660.0 10560.0 0.060720726431283456
661.0 10576.0 0.06094215946710883
662.0 10592.0 0.061365839015241556
663.0 10608.0 0.06139637158238923
664.0 10624.0 0.06107912684507055
665.0 10640.0 0.061151914415982375
666.0 10656.0 0.061313954441611876
667.0 10672.0 0.06127480609750009
668.0 10688.0 0.06135524720821091
669.0 10704.0 0.06159005198905172
670.0 10720.0 0.06150279955914553
671.0 10736.0 0.06151624598578615
672.0 10752.0 0.061851917460739876
673.0 10768.0 0.06221213991721087
674.0 10784.0 0.06253263713866464
675.0 10800.0 0.06300578666493102
676.0 10816.0 0.06300914761081595
677.0 10832.0 0.06306906922218472
678.0 10848.0 0.0630362320211786
679.0 10864.0 0.0629859205003769
680.0 10880.0 0.06283362130613192
681.0 10896.0 0.06310326584357238
682.0 10912.0 0.06328831038213784
683.0 10928.0 0.06316893743076685
684.0 10944.0 0.06281566239200086
685.0 10960.0 0.06220151957333765
686.0 10976.0 0.06169347572168896
687.0 10992.0 0.06101364171433981
688.0 11008.0 0.05967403000798489
689.0 11024.0 0.05898261281733426
690.0 11040.0 0.0584657120683705
691.0 11056.0 0.05798897296744532
692.0 11072.0 0.05745297461899045
693.0 11088.0 0.05683754376496042
694.0 11104.0 0.05634803114005289
695.0 11120.0 0.05639721454396973
696.0 11136.0 0.05683322324717123
697.0 11152.0 0.057331478048968605
698.0 11168.0 0.05819478537433721
699.0 11184.0 0.05888559321904249
700.0 11200.0 0.05959644906893026
701.0 11216.0 0.0600310745738861
702.0 11232.0 0.06011268193325987
703.0 11248.0 0.060105664663992704
704.0 11264.0 0.060116998479770735
705.0 11280.0 0.05997856584125923
706.0 11296.0 0.05983999061744278
707.0 11312.0 0.060076782243747906
708.0 11328.0 0.06013021110372723
709.0 11344.0 0.06005361287514672
710.0 11360.0 0.060066758917717254
711.0 11376.0 0.05984620036972562
712.0 11392.0 0.059310968620928606
713.0 11408.0 0.05821391175221544
714.0 11424.0 0.05753601663477368
715.0 11440.0 0.05690669413838825
716.0 11456.0 0.056571203759186554
717.0 11472.0 0.05621401355258245
718.0 11488.0 0.05563477880921686
719.0 11504.0 0.05532055136013407
720.0 11520.0 0.05481202405565759
721.0 11536.0 0.05478215070607921
722.0 11552.0 0.05490004446396399
723.0 11568.0 0.05480900588985612
724.0 11584.0 0.054973634882134505
725.0 11600.0 0.05502835100012249
726.0 11616.0 0.05491920690465639
727.0 11632.0 0.054628256955365766
728.0 11648.0 0.05408668667819822
729.0 11664.0 0.05350953857402517
730.0 11680.0 0.05288405576611791
731.0 11696.0 0.051902742024568675
732.0 11712.0 0.05167864701293089
733.0 11728.0 0.05123750277630895
734.0 11744.0 0.05104536135477508
735.0 11760.0 0.05085450611725809
736.0 11776.0 0.0506303891670284
737.0 11792.0 0.050680045065299696
738.0 11808.0 0.05036016307803309
739.0 11824.0 0.049561161565448444
740.0 11840.0 0.04880958705385105
741.0 11856.0 0.04773849714371157
742.0 11872.0 0.04670101868924891
743.0 11888.0 0.04571156220869546
744.0 11904.0 0.044575483546820976
745.0 11920.0 0.043727338600511985
746.0 11936.0 0.04296503516987921
747.0 11952.0 0.042036551121860714
748.0 11968.0 0.04144941418103645
749.0 11984.0 0.04094749044322944
750.0 12000.0 0.04039062454978476
751.0 12016.0 0.03964244762656779
752.0 12032.0 0.039209634819889115
753.0 12048.0 0.03887575731279214
754.0 12064.0 0.03858415883933203
755.0 12080.0 0.038322357478907644
756.0 12096.0 0.03809284117963402
757.0 12112.0 0.037720952978799877
758.0 12128.0 0.03719236026221798
759.0 12144.0 0.03711037145038319
760.0 12160.0 0.03720451960125736
761.0 12176.0 0.037436353378675485
762.0 12192.0 0.03738026820810558
763.0 12208.0 0.036815267657972196
764.0 12224.0 0.03645463505708185
765.0 12240.0 0.03613208117254015
766.0 12256.0 0.03588563422665307
767.0 12272.0 0.03570055794516723
768.0 12288.0 0.035332372272227915
769.0 12304.0 0.035012082189399094
770.0 12320.0 0.03460808279276653
771.0 12336.0 0.034229241961514535
772.0 12352.0 0.033927609071265755
773.0 12368.0 0.03365835940554293
774.0 12384.0 0.033256505579883335
775.0 12400.0 0.032618015780486044
776.0 12416.0 0.03220422449113821
777.0 12432.0 0.03178604129623665
778.0 12448.0 0.03153185173866717
779.0 12464.0 0.031303401720136494
780.0 12480.0 0.03117772283604933
781.0 12496.0 0.031080015778041592
782.0 12512.0 0.03094871455634114
783.0 12528.0 0.030962604148839185
784.0 12544.0 0.031107206306516207
785.0 12560.0 0.03109271726244358
786.0 12576.0 0.030976766593887765
787.0 12592.0 0.030558360899554136
788.0 12608.0 0.030398250074293094
789.0 12624.0 0.030350895095792564
790.0 12640.0 0.03053948791097253
791.0 12656.0 0.030638781512346905
792.0 12672.0 0.030956245821073456
793.0 12688.0 0.03087786314013121
794.0 12704.0 0.030812928565096643
795.0 12720.0 0.030776455457631562
796.0 12736.0 0.030509004603990645
797.0 12752.0 0.0300976148192758
798.0 12768.0 0.029930573466139313
799.0 12784.0 0.029912859630273077
800.0 12800.0 0.029774776254857513
801.0 12816.0 0.029545913066957658
802.0 12832.0 0.02930777716767054
803.0 12848.0 0.029143539435143664
804.0 12864.0 0.029061650889281518
805.0 12880.0 0.028851317471401548
806.0 12896.0 0.028660779110278974
807.0 12912.0 0.028338530545300642
808.0 12928.0 0.028115201635818793
809.0 12944.0 0.027899785439172577
810.0 12960.0 0.02736447646442781
811.0 12976.0 0.02695265840462313
812.0 12992.0 0.02672629283668769
813.0 13008.0 0.026538487226783206
814.0 13024.0 0.026330040203974177
815.0 13040.0 0.025926116769574698
816.0 13056.0 0.02542953847983554
817.0 13072.0 0.024825526419668256
818.0 13088.0 0.02445811805008838
819.0 13104.0 0.02411026891341866
820.0 13120.0 0.023816387830769895
821.0 13136.0 0.02358880098829258
822.0 13152.0 0.023462376801144453
823.0 13168.0 0.023478849216524395
824.0 13184.0 0.02330185745099345
825.0 13200.0 0.023232803864547943
826.0 13216.0 0.023175118426604503
827.0 13232.0 0.023099948391933033
828.0 13248.0 0.02295037148124412
829.0 13264.0 0.02297241981429702
830.0 13280.0 0.023101058096331464
831.0 13296.0 0.02315654233608107
832.0 13312.0 0.023257949149438118
833.0 13328.0 0.02347875345848771
834.0 13344.0 0.02362764857668256
835.0 13360.0 0.023650577840508617
836.0 13376.0 0.02376628247413916
837.0 13392.0 0.0238343096984251
838.0 13408.0 0.023727153678920053
839.0 13424.0 0.023630963823369093
840.0 13440.0 0.02337829300274278
841.0 13456.0 0.02322194310166113
842.0 13472.0 0.023144525120158417
843.0 13488.0 0.023023540267937376
844.0 13504.0 0.02288951536566229
845.0 13520.0 0.022748196669244013
846.0 13536.0 0.022444302618234938
847.0 13552.0 0.021985612751688446
848.0 13568.0 0.021707736471520116
849.0 13584.0 0.021509289280442847
850.0 13600.0 0.02131510192801301
851.0 13616.0 0.021203284477300254
852.0 13632.0 0.02102724028139449
853.0 13648.0 0.021041654586034502
854.0 13664.0 0.020989084520314286
855.0 13680.0 0.020907458504291054
856.0 13696.0 0.02110678751689249
857.0 13712.0 0.021175374369534854
858.0 13728.0 0.021223258943240238
859.0 13744.0 0.021317052168490915
860.0 13760.0 0.021442793367733998
861.0 13776.0 0.02164755766673636
862.0 13792.0 0.021974850213967726
863.0 13808.0 0.022084363045712225
864.0 13824.0 0.022239388360220613
865.0 13840.0 0.022381049682878698
866.0 13856.0 0.02243398053095938
867.0 13872.0 0.022538931235559986
868.0 13888.0 0.022627802450391275
869.0 13904.0 0.022721575882331577
870.0 13920.0 0.022918475004306948
871.0 13936.0 0.023068810632031603
872.0 13952.0 0.023400354365463897
873.0 13968.0 0.023756254434396478
874.0 13984.0 0.02413512088705081
875.0 14000.0 0.024417900164100486
876.0 14016.0 0.024743655938990767
877.0 14032.0 0.02474743762895898
878.0 14048.0 0.02472099497168527
879.0 14064.0 0.024656743995208945
880.0 14080.0 0.024590127740629318
881.0 14096.0 0.024663797417686595
882.0 14112.0 0.024629948407913316
883.0 14128.0 0.02456777901188391
884.0 14144.0 0.02438238474201978
885.0 14160.0 0.024332805670996344
886.0 14176.0 0.024106420695458063
887.0 14192.0 0.023909410397776797
888.0 14208.0 0.02359687667168395
889.0 14224.0 0.023359637470685264
890.0 14240.0 0.023114047873866138
891.0 14256.0 0.023063006212377734
892.0 14272.0 0.02305102663723265
893.0 14288.0 0.02308862936153478
894.0 14304.0 0.022927607197831715
895.0 14320.0 0.022675111505256338
896.0 14336.0 0.0224190269921976
897.0 14352.0 0.02220419480664727
898.0 14368.0 0.022101933871194034
899.0 14384.0 0.021946765631610066
900.0 14400.0 0.02172640833498293
901.0 14416.0 0.02149211976861555
902.0 14432.0 0.02126342790402047
903.0 14448.0 0.02079327250512641
904.0 14464.0 0.02035299321170853
905.0 14480.0 0.019825601791287506
906.0 14496.0 0.0193598467870653
907.0 14512.0 0.019014838534496495
908.0 14528.0 0.018874367262410985
909.0 14544.0 0.018830386694633872
910.0 14560.0 0.018835256098312464
911.0 14576.0 0.01889813671399896
912.0 14592.0 0.019079927391827328
913.0 14608.0 0.0192437923554027
914.0 14624.0 0.01929650092959764
915.0 14640.0 0.019362488885459973
916.0 14656.0 0.019410012862305925
917.0 14672.0 0.019578878937847825
918.0 14688.0 0.019949643978978873
919.0 14704.0 0.02029916924051995
920.0 14720.0 0.02073325703640224
921.0 14736.0 0.021103566945894568
922.0 14752.0 0.02156238912109712
923.0 14768.0 0.022114344863879858
924.0 14784.0 0.022548892892369492
925.0 14800.0 0.022927526795839433
926.0 14816.0 0.023196182561833027
927.0 14832.0 0.023328900737668877
928.0 14848.0 0.02353402164896127
929.0 14864.0 0.023721174795031996
930.0 14880.0 0.023676727022073213
931.0 14896.0 0.023633332687724756
932.0 14912.0 0.02360044439422552
933.0 14928.0 0.02341544428351439
934.0 14944.0 0.023242274512438366
935.0 14960.0 0.023158205136817385
936.0 14976.0 0.02317294554995131
937.0 14992.0 0.02317800659665011
938.0 15008.0 0.02307597959261508
939.0 15024.0 0.02307297929213643
940.0 15040.0 0.023101862155454848
941.0 15056.0 0.023064455068202698
942.0 15072.0 0.022976316164251918
943.0 15088.0 0.022895221625258217
944.0 15104.0 0.022678056266012006
945.0 15120.0 0.022468541453778162
946.0 15136.0 0.02224955965316671
947.0 15152.0 0.02202831602037708
948.0 15168.0 0.021805572428800966
949.0 15184.0 0.021517177924057797
950.0 15200.0 0.02122722206985932
951.0 15216.0 0.020956508025485314
952.0 15232.0 0.02069328948979467
953.0 15248.0 0.020505759141153164
954.0 15264.0 0.02047843142716479
955.0 15280.0 0.020379870159910076
956.0 15296.0 0.02028207501499248
957.0 15312.0 0.020090406861880555
958.0 15328.0 0.020075520075027702
959.0 15344.0 0.02027202117157025
960.0 15360.0 0.020495807432979254
961.0 15376.0 0.020738994150463853
962.0 15392.0 0.020977468882298688
963.0 15408.0 0.021186602188154866
964.0 15424.0 0.021394463723004423
965.0 15440.0 0.02153741019101624
966.0 15456.0 0.021557555162649653
967.0 15472.0 0.02141786314385484
968.0 15488.0 0.021222846918330467
969.0 15504.0 0.02096065556767002
970.0 15520.0 0.02069856416495246
971.0 15536.0 0.020537386672086978
972.0 15552.0 0.020483147882306776
973.0 15568.0 0.02039857986284628
974.0 15584.0 0.02042389274223007
975.0 15600.0 0.020438949343739566
976.0 15616.0 0.020417594549468173
977.0 15632.0 0.020168082330675723
978.0 15648.0 0.01994434171599908
979.0 15664.0 0.019819814832267857
980.0 15680.0 0.019611116647945535
981.0 15696.0 0.019367389120854322
982.0 15712.0 0.01926539683899144
983.0 15728.0 0.019070366508478664
984.0 15744.0 0.018758013130481806
985.0 15760.0 0.018419803690163675
986.0 15776.0 0.018214864700410623
987.0 15792.0 0.01791392858129223
988.0 15808.0 0.017594664632973545
989.0 15824.0 0.01732289285327674
990.0 15840.0 0.017224159621773323
991.0 15856.0 0.0172241910553236
992.0 15872.0 0.01723660395422146
993.0 15888.0 0.017275884493431565
994.0 15904.0 0.017241100592587637
995.0 15920.0 0.01734140597017953
996.0 15936.0 0.017428826230361183
997.0 15952.0 0.0174754074120564
998.0 15968.0 0.017651687462745015
999.0 15984.0 0.017675551834686838
1000.0 16000.0 0.017692206827680433
1001.0 16016.0 0.017766167771932816
1002.0 16032.0 0.017721312494566165
1003.0 16048.0 0.017609607661744287
1004.0 16064.0 0.017331200277923065
1005.0 16080.0 0.01716293658987748
1006.0 16096.0 0.017023543465379962
1007.0 16112.0 0.016927006983804827
1008.0 16128.0 0.01672499429992349
1009.0 16144.0 0.01658783491907988
1010.0 16160.0 0.016513296313696992
1011.0 16176.0 0.016580485896331317
1012.0 16192.0 0.016578043855156738
1013.0 16208.0 0.016748007793152483
1014.0 16224.0 0.017046439229775594
1015.0 16240.0 0.017182648754209228
1016.0 16256.0 0.01727557985161716
1017.0 16272.0 0.017389650048417776
1018.0 16288.0 0.017533597482816583
1019.0 16304.0 0.017653730567695154
1020.0 16320.0 0.017738370584838892
1021.0 16336.0 0.017729378108761643
1022.0 16352.0 0.017605202494585744
1023.0 16368.0 0.017572444337742504
1024.0 16384.0 0.017619663527311306
1025.0 16400.0 0.017651574893982804
1026.0 16416.0 0.017565686551477906
1027.0 16432.0 0.017505119144737607
1028.0 16448.0 0.017428238304642116
1029.0 16464.0 0.017521162246829345
1030.0 16480.0 0.01739750511136981
1031.0 16496.0 0.017385982914838026
1032.0 16512.0 0.01736836496869143
1033.0 16528.0 0.0174310751245339
1034.0 16544.0 0.017545637043532857
1035.0 16560.0 0.017644146125828767
1036.0 16576.0 0.017737113691104606
1037.0 16592.0 0.01791202225802026
1038.0 16608.0 0.018197094803571044
1039.0 16624.0 0.018484317218330937
1040.0 16640.0 0.018780683891359017
1041.0 16656.0 0.01905147325703855
1042.0 16672.0 0.019261543430419893
1043.0 16688.0 0.019528956014371927
1044.0 16704.0 0.019821432719286873
1045.0 16720.0 0.02006434900647317
1046.0 16736.0 0.020289638890911395
1047.0 16752.0 0.020533809588979587
1048.0 16768.0 0.02065633852313158
1049.0 16784.0 0.020616176248640178
1050.0 16800.0 0.0206170374802792
1051.0 16816.0 0.02067098657780581
1052.0 16832.0 0.020576490855938823
1053.0 16848.0 0.02048237823032234
1054.0 16864.0 0.020261920941367955
1055.0 16880.0 0.02015435928614072
1056.0 16896.0 0.01988201038443237
1057.0 16912.0 0.019602973143168712
1058.0 16928.0 0.019395836381199075
1059.0 16944.0 0.019201078670452395
1060.0 16960.0 0.018986164173615528
1061.0 16976.0 0.018686543584153475
1062.0 16992.0 0.018446246237035117
1063.0 17008.0 0.018256023610374088
1064.0 17024.0 0.018097875628481953
1065.0 17040.0 0.01792220176001602
1066.0 17056.0 0.017595711414534598
1067.0 17072.0 0.017260301035553226
1068.0 17088.0 0.016996547871572863
1069.0 17104.0 0.016751876459918047
1070.0 17120.0 0.01657475728913728
1071.0 17136.0 0.016515743246358926
1072.0 17152.0 0.016481190220588186
1073.0 17168.0 0.01655477711222468
1074.0 17184.0 0.01663487455122022
1075.0 17200.0 0.016796534794182447
1076.0 17216.0 0.01681277394251363
1077.0 17232.0 0.01694786340854778
1078.0 17248.0 0.016981551046575862
1079.0 17264.0 0.017152317306287756
1080.0 17280.0 0.017225981630242363
1081.0 17296.0 0.017406740343965017
1082.0 17312.0 0.017522331794671917
1083.0 17328.0 0.017577821333750757
1084.0 17344.0 0.017634964385825316
1085.0 17360.0 0.01771798728208129
1086.0 17376.0 0.017769595602589366
1087.0 17392.0 0.017761294585469115
1088.0 17408.0 0.017677977191607158
1089.0 17424.0 0.01757887883977901
1090.0 17440.0 0.0174740548661032
1091.0 17456.0 0.017294491765025732
1092.0 17472.0 0.017054282396698636
1093.0 17488.0 0.016868109875424322
1094.0 17504.0 0.0166827286588638
1095.0 17520.0 0.01661105312594293
1096.0 17536.0 0.01658185156117518
1097.0 17552.0 0.01652047249325801
1098.0 17568.0 0.01641338760255509
1099.0 17584.0 0.016363472352229267
1100.0 17600.0 0.016371790812991616
1101.0 17616.0 0.01627277023213786
1102.0 17632.0 0.016206102693395584
1103.0 17648.0 0.016044151389298544
1104.0 17664.0 0.016046586478394395
1105.0 17680.0 0.016140196773092707
1106.0 17696.0 0.01612647586565116
1107.0 17712.0 0.01599306881293972
1108.0 17728.0 0.01576884680112946
1109.0 17744.0 0.01559524055863749
1110.0 17760.0 0.015496555693571985
1111.0 17776.0 0.015371301126873758
1112.0 17792.0 0.015258970642045145
1113.0 17808.0 0.015211707400745055
1114.0 17824.0 0.015025593208124985
1115.0 17840.0 0.01480954748168122
1116.0 17856.0 0.01463207366833028
1117.0 17872.0 0.014509490946781807
1118.0 17888.0 0.014397239597222956
1119.0 17904.0 0.014210542483457956
1120.0 17920.0 0.014043024815714775
1121.0 17936.0 0.013850944264356959
1122.0 17952.0 0.013690261628137053
1123.0 17968.0 0.013572066104422442
1124.0 17984.0 0.013402752363434354
1125.0 18000.0 0.013347594450937686
1126.0 18016.0 0.01335894922112083
1127.0 18032.0 0.013409527514898057
1128.0 18048.0 0.013511428841030048
1129.0 18064.0 0.013611325057779398
1130.0 18080.0 0.013681172230760905
1131.0 18096.0 0.013771461886494028
1132.0 18112.0 0.013854397196777394
1133.0 18128.0 0.013862910292493312
1134.0 18144.0 0.013847471885097423
1135.0 18160.0 0.013790049556639776
1136.0 18176.0 0.013717155629903168
1137.0 18192.0 0.013715247952067468
1138.0 18208.0 0.013661777163977975
1139.0 18224.0 0.013640654026322996
1140.0 18240.0 0.01359477279130049
1141.0 18256.0 0.013556072046183797
1142.0 18272.0 0.01345129032360376
1143.0 18288.0 0.013394422734719835
1144.0 18304.0 0.013417799116039209
1145.0 18320.0 0.01341956702743987
1146.0 18336.0 0.013416724314900107
1147.0 18352.0 0.013479681153338112
1148.0 18368.0 0.013547520544268147
1149.0 18384.0 0.013547108938475525
1150.0 18400.0 0.013432374124791605
1151.0 18416.0 0.013369910768129593
1152.0 18432.0 0.013324356050162293
1153.0 18448.0 0.013249614869160814
1154.0 18464.0 0.013102809308332866
1155.0 18480.0 0.013029472074173322
1156.0 18496.0 0.012984832554481272
1157.0 18512.0 0.012934227001844238
1158.0 18528.0 0.012784683555538034
1159.0 18544.0 0.012615431652991362
1160.0 18560.0 0.012450501473531397
1161.0 18576.0 0.01237367019030043
1162.0 18592.0 0.012388588517383208
1163.0 18608.0 0.012379960685835925
1164.0 18624.0 0.01234259945171813
1165.0 18640.0 0.012232187754054064
1166.0 18656.0 0.012098892581397786
1167.0 18672.0 0.011970639457552935
1168.0 18688.0 0.011816509968177015
1169.0 18704.0 0.01163582854807136
1170.0 18720.0 0.011407098380097137
1171.0 18736.0 0.011271659002227107
1172.0 18752.0 0.011072252333167028
1173.0 18768.0 0.01089279583303524
1174.0 18784.0 0.010742466715096816
1175.0 18800.0 0.010662111832113198
1176.0 18816.0 0.0105518657629847
1177.0 18832.0 0.010507700768270714
1178.0 18848.0 0.010457954890471981
1179.0 18864.0 0.010400054220571277
1180.0 18880.0 0.010400459561203015
1181.0 18896.0 0.010380937777967062
1182.0 18912.0 0.010384944258474846
1183.0 18928.0 0.010276751259606476
1184.0 18944.0 0.010306262132047
1185.0 18960.0 0.010285419647812526
1186.0 18976.0 0.010252434701062225
1187.0 18992.0 0.010228608003849058
1188.0 19008.0 0.010251922185573846
1189.0 19024.0 0.010251427612592203
1190.0 19040.0 0.010302611149509058
1191.0 19056.0 0.01032166036352895
1192.0 19072.0 0.010274200205624513
1193.0 19088.0 0.010272808072294595
1194.0 19104.0 0.010333406588686497
1195.0 19120.0 0.010333581506385655
1196.0 19136.0 0.01037752980097676
1197.0 19152.0 0.010422245070017539
1198.0 19168.0 0.010439623397225536
1199.0 19184.0 0.01044774201726396
1200.0 19200.0 0.010424849167733312
1201.0 19216.0 0.010484177123466814
1202.0 19232.0 0.010528790279759581
1203.0 19248.0 0.010578060740426467
1204.0 19264.0 0.010663167596977951
1205.0 19280.0 0.01077265682171599
1206.0 19296.0 0.010864969045239717
1207.0 19312.0 0.010953687685383977
1208.0 19328.0 0.010955646245345904
1209.0 19344.0 0.01095720874144446
1210.0 19360.0 0.01090118930263426
1211.0 19376.0 0.010797012489662283
1212.0 19392.0 0.010638620195585119
1213.0 19408.0 0.010492698146740262
1214.0 19424.0 0.010328090413466365
1215.0 19440.0 0.010282188425737157
1216.0 19456.0 0.01014932656069925
1217.0 19472.0 0.010094473328654452
1218.0 19488.0 0.010023183168191695
1219.0 19504.0 0.009989499371161248
1220.0 19520.0 0.0099258459233353
1221.0 19536.0 0.009840997990389197
1222.0 19552.0 0.009710837840853343
1223.0 19568.0 0.009530607373744646
1224.0 19584.0 0.009398329467578397
1225.0 19600.0 0.00927518803853972
1226.0 19616.0 0.009179067355582002
1227.0 19632.0 0.009079656079233034
1228.0 19648.0 0.00896268355205986
1229.0 19664.0 0.00881623421207274
1230.0 19680.0 0.008732387231227733
1231.0 19696.0 0.00867932896820215
1232.0 19712.0 0.008580991322336176
1233.0 19728.0 0.008546503926933695
1234.0 19744.0 0.008468578490701201
1235.0 19760.0 0.00837802333996806
1236.0 19776.0 0.008245863853849173
1237.0 19792.0 0.008125532641091542
1238.0 19808.0 0.007985673853953306
1239.0 19824.0 0.007806627725658122
1240.0 19840.0 0.007690697272064585
1241.0 19856.0 0.007602424699365236
1242.0 19872.0 0.0075686355912780836
1243.0 19888.0 0.007482133094021349
1244.0 19904.0 0.0074223161009259915
1245.0 19920.0 0.007332238472305339
1246.0 19936.0 0.007230304303914476
1247.0 19952.0 0.007130215218495303
1248.0 19968.0 0.007038851465267838
1249.0 19984.0 0.006983991069697217
1250.0 20000.0 0.006906091437977946
1251.0 20016.0 0.006822265704807665
1252.0 20032.0 0.006773051709523072
1253.0 20048.0 0.006709988084174678
1254.0 20064.0 0.0066501415273595476
1255.0 20080.0 0.006591618329359525
1256.0 20096.0 0.00654213377824274
1257.0 20112.0 0.006474612554147784
1258.0 20128.0 0.006432919497340733
1259.0 20144.0 0.0064103859737286535
1260.0 20160.0 0.006407104950085897
1261.0 20176.0 0.006398684564087304
1262.0 20192.0 0.006405019840518025
1263.0 20208.0 0.006434188248642927
1264.0 20224.0 0.006433749316492821
1265.0 20240.0 0.006414937351890561
1266.0 20256.0 0.0064013440882743815
1267.0 20272.0 0.00639914772479651
1268.0 20288.0 0.006395873073451225
1269.0 20304.0 0.006359968315800336
1270.0 20320.0 0.00633680067630892
1271.0 20336.0 0.006318715133465905
1272.0 20352.0 0.0062989310131188496
1273.0 20368.0 0.0062740313064244685
1274.0 20384.0 0.006234389020432398
1275.0 20400.0 0.006198957367991929
1276.0 20416.0 0.006169938700889412
1277.0 20432.0 0.006155770111341994
1278.0 20448.0 0.006175403296343142
1279.0 20464.0 0.006263159559423171
1280.0 20480.0 0.0063312117900110884
1281.0 20496.0 0.006421487558256866
1282.0 20512.0 0.0065372356886186506
1283.0 20528.0 0.006699798080827982
1284.0 20544.0 0.006818076797659862
1285.0 20560.0 0.006961794158038891
1286.0 20576.0 0.007117943686842286
1287.0 20592.0 0.0073416678250157585
1288.0 20608.0 0.0075208115238404386
1289.0 20624.0 0.007683715104826825
1290.0 20640.0 0.007850356533127071
1291.0 20656.0 0.007932758050734833
1292.0 20672.0 0.007986704747695526
1293.0 20688.0 0.00805149751897314
1294.0 20704.0 0.008190094302927668
1295.0 20720.0 0.008287175118579175
1296.0 20736.0 0.008334484576478764
1297.0 20752.0 0.008339788498323626
1298.0 20768.0 0.008325849344409275
1299.0 20784.0 0.008374338762360354
1300.0 20800.0 0.008441984837685119
1301.0 20816.0 0.008452128396195599
1302.0 20832.0 0.008447410974058704
1303.0 20848.0 0.008490050124873267
1304.0 20864.0 0.008557475054615248
1305.0 20880.0 0.00862332421279808
1306.0 20896.0 0.008737062331550813
1307.0 20912.0 0.008740473600158347
1308.0 20928.0 0.008741873371204157
1309.0 20944.0 0.008788663652502448
1310.0 20960.0 0.008800245484795894
1311.0 20976.0 0.008797797532607121
1312.0 20992.0 0.008760165575355108
1313.0 21008.0 0.00873847611500708
1314.0 21024.0 0.008756754263718804
1315.0 21040.0 0.00872912853151368
1316.0 21056.0 0.008710059368376448
1317.0 21072.0 0.008718334684645102
1318.0 21088.0 0.008772299775976888
1319.0 21104.0 0.008790943548378281
1320.0 21120.0 0.008810416903292782
1321.0 21136.0 0.008777106749341512
1322.0 21152.0 0.008826336881601258
1323.0 21168.0 0.008848620954935172
1324.0 21184.0 0.008824998351006513
1325.0 21200.0 0.008790626072352033
1326.0 21216.0 0.0086879819242998
1327.0 21232.0 0.008612558488251579
1328.0 21248.0 0.008518000073740498
1329.0 21264.0 0.00839480426567986
1330.0 21280.0 0.00828240847140189
1331.0 21296.0 0.008257866405725038
1332.0 21312.0 0.008223477306456263
1333.0 21328.0 0.008134720801474616
1334.0 21344.0 0.008091802100632288
1335.0 21360.0 0.008039401207636932
1336.0 21376.0 0.00803633964015807
1337.0 21392.0 0.008032481255686147
1338.0 21408.0 0.008047529500478308
1339.0 21424.0 0.008002648911946901
1340.0 21440.0 0.007921198621748405
1341.0 21456.0 0.007788843897323536
1342.0 21472.0 0.0076741904070337435
1343.0 21488.0 0.007553132389540076
1344.0 21504.0 0.007476059274338773
1345.0 21520.0 0.007435147917351245
1346.0 21536.0 0.007450785929423229
1347.0 21552.0 0.0074178938808351245
1348.0 21568.0 0.007402374226950086
1349.0 21584.0 0.007349642796293077
1350.0 21600.0 0.007270839065512336
1351.0 21616.0 0.007163759491563741
1352.0 21632.0 0.007089839557022222
1353.0 21648.0 0.00707939166250323
1354.0 21664.0 0.007034367817158652
1355.0 21680.0 0.007009911738355145
1356.0 21696.0 0.006977684145347924
1357.0 21712.0 0.006971086539459835
1358.0 21728.0 0.0069731233308982865
1359.0 21744.0 0.006942066402356307
1360.0 21760.0 0.006900531719081222
1361.0 21776.0 0.0068511655053121
1362.0 21792.0 0.0067513671561020274
1363.0 21808.0 0.006679115182371355
1364.0 21824.0 0.006632600855664547
1365.0 21840.0 0.006611745894030217
1366.0 21856.0 0.0066573619230035595
1367.0 21872.0 0.006693160218076861
1368.0 21888.0 0.006706917883551207
1369.0 21904.0 0.006735077542698096
1370.0 21920.0 0.006783730305344637
1371.0 21936.0 0.0068299711462778525
1372.0 21952.0 0.00687163908249941
1373.0 21968.0 0.0068818426985754215
1374.0 21984.0 0.006891459062178981
1375.0 22000.0 0.006911676417574286
1376.0 22016.0 0.006911038248147554
1377.0 22032.0 0.006910522178087046
1378.0 22048.0 0.006938981305127649
1379.0 22064.0 0.006936988082560459
1380.0 22080.0 0.006934915561566427
1381.0 22096.0 0.007000378180592526
1382.0 22112.0 0.007072638481498298
1383.0 22128.0 0.007162979361468799
1384.0 22144.0 0.007256282388058622
1385.0 22160.0 0.007332467922614891
1386.0 22176.0 0.007381153213317614
1387.0 22192.0 0.007427240277778504
1388.0 22208.0 0.007433124813275147
1389.0 22224.0 0.007375842518302427
1390.0 22240.0 0.007309048855750306
1391.0 22256.0 0.007255218180033654
1392.0 22272.0 0.007203420777761325
1393.0 22288.0 0.0071108887580944346
1394.0 22304.0 0.006987782488811607
1395.0 22320.0 0.006863073164275768
1396.0 22336.0 0.00673316618039257
1397.0 22352.0 0.0066146616991894745
1398.0 22368.0 0.006547298373773902
1399.0 22384.0 0.006526940361796647
1400.0 22400.0 0.006537398287363521
1401.0 22416.0 0.0065478336673567014
1402.0 22432.0 0.006512659428831846
1403.0 22448.0 0.006474497518426796
1404.0 22464.0 0.0064377973174155586
1405.0 22480.0 0.0064459001970089665
1406.0 22496.0 0.006470635361669959
1407.0 22512.0 0.006513741646424619
1408.0 22528.0 0.006480229853269741
1409.0 22544.0 0.006436443799881324
1410.0 22560.0 0.006398260303789709
1411.0 22576.0 0.006378170878787952
1412.0 22592.0 0.006383250946708325
1413.0 22608.0 0.006386864218665678
1414.0 22624.0 0.006376609565391038
1415.0 22640.0 0.006334189882973857
1416.0 22656.0 0.006287963615088358
1417.0 22672.0 0.006228780336901389
1418.0 22688.0 0.006187961672658806
1419.0 22704.0 0.0061460170612748395
1420.0 22720.0 0.006116821695850144
1421.0 22736.0 0.006084350269231026
1422.0 22752.0 0.006075047452976304
1423.0 22768.0 0.006022638936882481
1424.0 22784.0 0.00598281586822667
1425.0 22800.0 0.0059419951251887876
1426.0 22816.0 0.005914516276672509
1427.0 22832.0 0.005856618700110561
1428.0 22848.0 0.0058237915325755766
1429.0 22864.0 0.005820153112170272
1430.0 22880.0 0.005846798607220472
1431.0 22896.0 0.005833724191689555
1432.0 22912.0 0.005805343622740592
1433.0 22928.0 0.005810131439772498
1434.0 22944.0 0.005811567961595612
1435.0 22960.0 0.0058078844656863126
1436.0 22976.0 0.00580741202792739
1437.0 22992.0 0.005786192691635023
1438.0 23008.0 0.005774412658583196
1439.0 23024.0 0.005736114189144218
1440.0 23040.0 0.005707405885192059
1441.0 23056.0 0.005679624574584125
1442.0 23072.0 0.005623262613207936
1443.0 23088.0 0.00559877747161172
1444.0 23104.0 0.0055964335701624915
1445.0 23120.0 0.005592329028617321
1446.0 23136.0 0.005579910976334479
1447.0 23152.0 0.005593635221815308
1448.0 23168.0 0.005590916263231947
1449.0 23184.0 0.005600395332025148
1450.0 23200.0 0.0056058638215466736
1451.0 23216.0 0.0056420178176321495
1452.0 23232.0 0.005698791748396585
1453.0 23248.0 0.005699725161331076
1454.0 23264.0 0.00568823344936937
1455.0 23280.0 0.005678852142144594
1456.0 23296.0 0.005631757919112868
1457.0 23312.0 0.00561329417539406
1458.0 23328.0 0.00553607965122885
1459.0 23344.0 0.005486952779864673
1460.0 23360.0 0.005459337995835964
1461.0 23376.0 0.005440058426006601
1462.0 23392.0 0.005425849340799677
1463.0 23408.0 0.005427531909258635
1464.0 23424.0 0.0054155862010451675
1465.0 23440.0 0.005342806637053997
1466.0 23456.0 0.0052888851209219705
1467.0 23472.0 0.005225463991889318
1468.0 23488.0 0.0051565607331468125
1469.0 23504.0 0.005085944869100794
1470.0 23520.0 0.0050387859558144905
1471.0 23536.0 0.004997740357963589
1472.0 23552.0 0.004938509638428642
1473.0 23568.0 0.004899353424624687
1474.0 23584.0 0.004857537487974157
1475.0 23600.0 0.004796695751926057
1476.0 23616.0 0.004771341306746199
1477.0 23632.0 0.004779792124936928
1478.0 23648.0 0.004754730831130429
1479.0 23664.0 0.00473843048263046
1480.0 23680.0 0.004737390333987024
1481.0 23696.0 0.0047318212252479026
1482.0 23712.0 0.004706695608405608
1483.0 23728.0 0.004697818090605724
1484.0 23744.0 0.0046920170608692685
1485.0 23760.0 0.004674441304565037
1486.0 23776.0 0.004660971088685164
1487.0 23792.0 0.004608519138764383
1488.0 23808.0 0.0045743516007599305
1489.0 23824.0 0.004522059467435743
1490.0 23840.0 0.004456437992378944
1491.0 23856.0 0.004403431350055918
1492.0 23872.0 0.004372343078557976
1493.0 23888.0 0.004319230961987784
1494.0 23904.0 0.004275004295868274
1495.0 23920.0 0.0042426441852404665
1496.0 23936.0 0.004218751776095711
1497.0 23952.0 0.004198439053277655
1498.0 23968.0 0.004196659507591435
1499.0 23984.0 0.004177884917378081
1500.0 24000.0 0.004163151369669792
1501.0 24016.0 0.004145034378696292
1502.0 24032.0 0.0041303540139532085
1503.0 24048.0 0.004122507216701026
1504.0 24064.0 0.004114684759825931
1505.0 24080.0 0.004121897141403737
1506.0 24096.0 0.004143031537656153
1507.0 24112.0 0.0041341947076291696
1508.0 24128.0 0.004122588780729432
1509.0 24144.0 0.004136465325330467
1510.0 24160.0 0.004119307635238088
1511.0 24176.0 0.004096676098411942
1512.0 24192.0 0.004077198014446302
1513.0 24208.0 0.004037380541605653
1514.0 24224.0 0.003998307684843477
1515.0 24240.0 0.003942341987306787
1516.0 24256.0 0.003903742867115884
1517.0 24272.0 0.0038680669024252845
1518.0 24288.0 0.003846549797856897
1519.0 24304.0 0.0037993220368606156
1520.0 24320.0 0.003770675422268264
1521.0 24336.0 0.0037288017926197163
1522.0 24352.0 0.003688222417301338
1523.0 24368.0 0.003651005631781988
1524.0 24384.0 0.003597213954114696
1525.0 24400.0 0.00356593000507052
1526.0 24416.0 0.003525910199107235
1527.0 24432.0 0.0034699786092005146
1528.0 24448.0 0.0034383131331244122
1529.0 24464.0 0.003413898317001468
1530.0 24480.0 0.0033866871793816825
1531.0 24496.0 0.0033544147219962115
1532.0 24512.0 0.0033095978174987675
1533.0 24528.0 0.003266895057203869
1534.0 24544.0 0.0032415837118878643
1535.0 24560.0 0.0032426766540844423
1536.0 24576.0 0.003252643759666061
1537.0 24592.0 0.0032514517871457703
1538.0 24608.0 0.003236481117615702
1539.0 24624.0 0.003211222134431463
1540.0 24640.0 0.0032036452549074547
1541.0 24656.0 0.003195089695604067
1542.0 24672.0 0.0031947106159178635
1543.0 24688.0 0.003196592087476635
1544.0 24704.0 0.0032190074125714864
1545.0 24720.0 0.0032210829837806742
1546.0 24736.0 0.003237903277164885
1547.0 24752.0 0.0032260763202369785
1548.0 24768.0 0.0032140535873563993
1549.0 24784.0 0.003216376775893446
1550.0 24800.0 0.0032141057375035635
1551.0 24816.0 0.0032196079936023564
1552.0 24832.0 0.003196736362561637
1553.0 24848.0 0.0031874111593554974
1554.0 24864.0 0.00318548800922438
1555.0 24880.0 0.0031714425421231636
1556.0 24896.0 0.0031791821755569045
1557.0 24912.0 0.003166651522257619
1558.0 24928.0 0.003157118022658627
1559.0 24944.0 0.003135968886446381
1560.0 24960.0 0.0031204935935193173
1561.0 24976.0 0.0030887832769449
1562.0 24992.0 0.0030757751532208624
1563.0 25008.0 0.003060246121207259
1564.0 25024.0 0.0030525366172297866
1565.0 25040.0 0.003049977029514908
1566.0 25056.0 0.003040955018620021
1567.0 25072.0 0.003040755530456588
1568.0 25088.0 0.00305208611949959
1569.0 25104.0 0.003060642413834797
1570.0 25120.0 0.003055921505331237
1571.0 25136.0 0.0030238834283522298
1572.0 25152.0 0.003004854857646499
1573.0 25168.0 0.002982580470062139
1574.0 25184.0 0.0029744991089417122
1575.0 25200.0 0.0029519006976838993
1576.0 25216.0 0.002919523496854921
1577.0 25232.0 0.002883987360879298
1578.0 25248.0 0.0028611692421749726
1579.0 25264.0 0.0028349760495926316
1580.0 25280.0 0.0027995371349841223
1581.0 25296.0 0.002746230173083659
1582.0 25312.0 0.0026926416396283893
1583.0 25328.0 0.0026473873471142603
1584.0 25344.0 0.0026062003587925095
1585.0 25360.0 0.0025760655509209575
1586.0 25376.0 0.0025514789816613133
1587.0 25392.0 0.002535297677510821
1588.0 25408.0 0.0025265678798772145
1589.0 25424.0 0.002512093428651485
1590.0 25440.0 0.0025027811634986156
1591.0 25456.0 0.00251178449822104
1592.0 25472.0 0.0025135406819600747
1593.0 25488.0 0.0025188673408546333
1594.0 25504.0 0.002511068500218314
1595.0 25520.0 0.0024937162032533365
1596.0 25536.0 0.002496003431366062
1597.0 25552.0 0.0024948684746537273
1598.0 25568.0 0.002497089664615098
1599.0 25584.0 0.0025034854322227903
1600.0 25600.0 0.0025119195793692466
1601.0 25616.0 0.002522429082360381
1602.0 25632.0 0.002542888323631436
1603.0 25648.0 0.0025644540179391817
1604.0 25664.0 0.0025892148880646035
1605.0 25680.0 0.0026057696891012665
1606.0 25696.0 0.00261734926989549
1607.0 25712.0 0.002633702250165048
1608.0 25728.0 0.002664499991146052
1609.0 25744.0 0.0026826044158452795
1610.0 25760.0 0.002723758486938842
1611.0 25776.0 0.0027395981172730313
1612.0 25792.0 0.002757888006441747
1613.0 25808.0 0.002769346390219639
1614.0 25824.0 0.002767498030112685
1615.0 25840.0 0.0027684493014868672
1616.0 25856.0 0.002770201959921564
1617.0 25872.0 0.0027873906313498568
1618.0 25888.0 0.0027929353538687102
1619.0 25904.0 0.0027855841440926617
1620.0 25920.0 0.0027738862278128325
1621.0 25936.0 0.002777456195225371
1622.0 25952.0 0.002788279363872191
1623.0 25968.0 0.002803797622033442
1624.0 25984.0 0.0028193447606683054
1625.0 26000.0 0.002835842409726143
1626.0 26016.0 0.0028320233224109663
1627.0 26032.0 0.0028087404008437958
1628.0 26048.0 0.002776737509467973
1629.0 26064.0 0.00276952818822082
1630.0 26080.0 0.002762224645789487
1631.0 26096.0 0.00277055421143961
1632.0 26112.0 0.0027770150252899887
1633.0 26128.0 0.00279517704018118
1634.0 26144.0 0.002832472913119382
1635.0 26160.0 0.002850498372113384
1636.0 26176.0 0.0028505782138680343
1637.0 26192.0 0.00285732573187908
1638.0 26208.0 0.0028632022508510006
1639.0 26224.0 0.0028664736317731538
1640.0 26240.0 0.0028623206541489575
1641.0 26256.0 0.002861819733875491
1642.0 26272.0 0.0028679194761806613
1643.0 26288.0 0.0028804215839473273
1644.0 26304.0 0.0028976788900603634
1645.0 26320.0 0.0029062954555494984
1646.0 26336.0 0.002883346577938987
1647.0 26352.0 0.0028792250461285385
1648.0 26368.0 0.0028752808305000676
1649.0 26384.0 0.0028852546565476664
1650.0 26400.0 0.002902764600224849
1651.0 26416.0 0.0029257260059050785
1652.0 26432.0 0.002945248686443848
1653.0 26448.0 0.0029683712187514493
1654.0 26464.0 0.0029985849736656914
1655.0 26480.0 0.0030196708567219997
1656.0 26496.0 0.0030488285228297968
1657.0 26512.0 0.0030942318227153176
1658.0 26528.0 0.0031284017792294347
1659.0 26544.0 0.0031453254297652026
1660.0 26560.0 0.003166081428107754
1661.0 26576.0 0.0031814470436962055
1662.0 26592.0 0.003165361025224233
1663.0 26608.0 0.0031437624599970587
1664.0 26624.0 0.0031285613162770807
1665.0 26640.0 0.003136811021505505
1666.0 26656.0 0.0031567453688440875
1667.0 26672.0 0.0031899729413848105
1668.0 26688.0 0.0032027107072625537
1669.0 26704.0 0.0032124509984161314
1670.0 26720.0 0.0031975620818241067
1671.0 26736.0 0.003165529950906471
1672.0 26752.0 0.0031460329399883437
1673.0 26768.0 0.003135969878457526
1674.0 26784.0 0.0031283529072885295
1675.0 26800.0 0.003111755954679008
1676.0 26816.0 0.003087662966669117
1677.0 26832.0 0.003083240699283446
1678.0 26848.0 0.0030841801892019295
1679.0 26864.0 0.003091620894519931
1680.0 26880.0 0.003106003985666925
1681.0 26896.0 0.003125126720526386
1682.0 26912.0 0.0031712806576688003
1683.0 26928.0 0.0032102130832888185
1684.0 26944.0 0.0032377732454388166
1685.0 26960.0 0.0032580188350663434
1686.0 26976.0 0.0032236706760373664
1687.0 26992.0 0.003229098625702516
1688.0 27008.0 0.003231601198683151
1689.0 27024.0 0.003240453913138994
1690.0 27040.0 0.003243487863551474
1691.0 27056.0 0.0032310678835606945
1692.0 27072.0 0.0032125128032101744
1693.0 27088.0 0.003211577651666371
1694.0 27104.0 0.003216748070147952
1695.0 27120.0 0.0032055233635659287
1696.0 27136.0 0.003229981903101316
1697.0 27152.0 0.0032542944564215356
1698.0 27168.0 0.003286204707731638
1699.0 27184.0 0.0032934864954349643
1700.0 27200.0 0.0032972159026026
1701.0 27216.0 0.00330066318448111
1702.0 27232.0 0.0033252014803582123
1703.0 27248.0 0.0033498350907710957
1704.0 27264.0 0.0033937362901280974
1705.0 27280.0 0.003405755523200902
1706.0 27296.0 0.003410829395466442
1707.0 27312.0 0.0034373360344425955
1708.0 27328.0 0.003475850846368155
1709.0 27344.0 0.003497675832584594
1710.0 27360.0 0.0034754016450052635
1711.0 27376.0 0.0034670031527312558
1712.0 27392.0 0.0034728712757421554
1713.0 27408.0 0.0034931665737798017
1714.0 27424.0 0.003511102223092285
1715.0 27440.0 0.003505106050230819
1716.0 27456.0 0.0034822997191519423
1717.0 27472.0 0.0034649651460004443
1718.0 27488.0 0.003468660021319496
1719.0 27504.0 0.003452842344240081
1720.0 27520.0 0.003434628311239126
1721.0 27536.0 0.0034088855331700016
1722.0 27552.0 0.003377984061915905
1723.0 27568.0 0.003329946958984858
1724.0 27584.0 0.003299835106088671
1725.0 27600.0 0.0032715699211759166
1726.0 27616.0 0.0032642350204361704
1727.0 27632.0 0.0032514118707365003
1728.0 27648.0 0.0032312737875355387
1729.0 27664.0 0.003223882273412524
1730.0 27680.0 0.0032131585666474987
1731.0 27696.0 0.0032256483733410935
1732.0 27712.0 0.0032311472638150295
1733.0 27728.0 0.00325943398382078
1734.0 27744.0 0.0032856005891937954
1735.0 27760.0 0.0032882955324851173
1736.0 27776.0 0.0033005470546507115
1737.0 27792.0 0.0033079004568194186
1738.0 27808.0 0.0033114718056955327
1739.0 27824.0 0.0032954718928037397
1740.0 27840.0 0.003250095790613914
1741.0 27856.0 0.0032038201755324024
1742.0 27872.0 0.003153578393449069
1743.0 27888.0 0.003100982514204146
1744.0 27904.0 0.003045357823630002
1745.0 27920.0 0.0030007528749728947
1746.0 27936.0 0.0029568207870196467
1747.0 27952.0 0.002904231575538499
1748.0 27968.0 0.0028649380082655693
1749.0 27984.0 0.0028291752367674734
1750.0 28000.0 0.002800891318416413
1751.0 28016.0 0.0027673917636353382
1752.0 28032.0 0.002742300767015572
1753.0 28048.0 0.0027172515263676543
1754.0 28064.0 0.002695587369238103
1755.0 28080.0 0.0026812331204254755
1756.0 28096.0 0.0026382929350492602
1757.0 28112.0 0.0026011600400121463
1758.0 28128.0 0.002576025267968789
1759.0 28144.0 0.0025531204659970715
1760.0 28160.0 0.0025467566144249353
1761.0 28176.0 0.0025417131426405206
1762.0 28192.0 0.002530515061105551
1763.0 28208.0 0.00252511461499988
1764.0 28224.0 0.0025277225233955275
1765.0 28240.0 0.002524382929561449
1766.0 28256.0 0.0025126142909469885
1767.0 28272.0 0.0025002352039342536
1768.0 28288.0 0.002487734011875392
1769.0 28304.0 0.0024721189080188256
1770.0 28320.0 0.0024592760951798118
1771.0 28336.0 0.00245667320664678
1772.0 28352.0 0.0024462515891072287
1773.0 28368.0 0.002464107152399159
1774.0 28384.0 0.002484331850292762
1775.0 28400.0 0.002483690954639003
1776.0 28416.0 0.0024671850549429952
1777.0 28432.0 0.0024597025825763997
1778.0 28448.0 0.0024825271910123223
1779.0 28464.0 0.00250678212535414
1780.0 28480.0 0.002526544020524577
1781.0 28496.0 0.002554048834181817
1782.0 28512.0 0.0025825580866056614
1783.0 28528.0 0.002617357842770336
1784.0 28544.0 0.0026339404528117477
1785.0 28560.0 0.0026395739379044855
1786.0 28576.0 0.0026343749876487355
1787.0 28592.0 0.0026064336412253554
1788.0 28608.0 0.0025739089977351265
1789.0 28624.0 0.0025581111214913865
1790.0 28640.0 0.0025406131969137893
1791.0 28656.0 0.0025212924694856423
1792.0 28672.0 0.0025255412456012634
1793.0 28688.0 0.00253009586247796
1794.0 28704.0 0.002527108822090935
1795.0 28720.0 0.0025326573223375614
1796.0 28736.0 0.0025408760292739033
1797.0 28752.0 0.0025443657372187655
1798.0 28768.0 0.002526256082614632
1799.0 28784.0 0.002510374266397023
1800.0 28800.0 0.0024711316422326565
1801.0 28816.0 0.0024356568773588093
1802.0 28832.0 0.0024174326769524504
1803.0 28848.0 0.002415693087052421
1804.0 28864.0 0.0024122200372327708
1805.0 28880.0 0.0024184943533104835
1806.0 28896.0 0.0024091306763320665
1807.0 28912.0 0.0023701916579769292
1808.0 28928.0 0.0023417842515466095
1809.0 28944.0 0.0023230426474765255
1810.0 28960.0 0.0023044783225272055
1811.0 28976.0 0.00229069593815451
1812.0 28992.0 0.0022837223428289863
1813.0 29008.0 0.002275875881790625
1814.0 29024.0 0.0022576803097134153
1815.0 29040.0 0.002221518579269564
1816.0 29056.0 0.0022034178119482105
1817.0 29072.0 0.0021805311661324675
1818.0 29088.0 0.0021549571333865456
1819.0 29104.0 0.002137348554423829
1820.0 29120.0 0.00213290021828612
1821.0 29136.0 0.0021447608258062644
1822.0 29152.0 0.0021583319339962973
1823.0 29168.0 0.002159254993986034
1824.0 29184.0 0.002154625952711088
1825.0 29200.0 0.002146987624765591
1826.0 29216.0 0.002134865471020529
1827.0 29232.0 0.0021252980444006224
1828.0 29248.0 0.0021059554587220908
1829.0 29264.0 0.002092569049682399
1830.0 29280.0 0.0020959102211621367
1831.0 29296.0 0.002090594553286581
1832.0 29312.0 0.002091502070303203
1833.0 29328.0 0.0020972030058675688
1834.0 29344.0 0.002107394896334148
1835.0 29360.0 0.0021347245622404688
1836.0 29376.0 0.0021725921387452914
1837.0 29392.0 0.0022225543903423637
1838.0 29408.0 0.00227426281853226
1839.0 29424.0 0.0023153711393845604
1840.0 29440.0 0.0023425733712499654
1841.0 29456.0 0.0023453221516264717
1842.0 29472.0 0.0023479500094341407
1843.0 29488.0 0.0023580261571662254
1844.0 29504.0 0.0023816197983396277
1845.0 29520.0 0.0024154050664207676
1846.0 29536.0 0.002447682226857579
1847.0 29552.0 0.002485686907910389
1848.0 29568.0 0.00254093496470292
1849.0 29584.0 0.0025689695058438208
1850.0 29600.0 0.00257949734328318
1851.0 29616.0 0.0025774544786417494
1852.0 29632.0 0.002568012793648474
1853.0 29648.0 0.002537990669421532
1854.0 29664.0 0.0025112583048565113
1855.0 29680.0 0.0024830037474028394
1856.0 29696.0 0.002444057373492489
1857.0 29712.0 0.0024116582190129247
1858.0 29728.0 0.0023929005291282346
1859.0 29744.0 0.0023749638632775297
1860.0 29760.0 0.002356872379651888
1861.0 29776.0 0.002337100099736676
1862.0 29792.0 0.002316869330154411
1863.0 29808.0 0.0023020792145384914
1864.0 29824.0 0.0022800054879277966
1865.0 29840.0 0.0022810977413424863
1866.0 29856.0 0.002288073115053283
1867.0 29872.0 0.0022916809982814613
1868.0 29888.0 0.0022951599006766337
1869.0 29904.0 0.0022913410649944626
1870.0 29920.0 0.002290567267629618
1871.0 29936.0 0.0022917129380092653
1872.0 29952.0 0.002293941810158286
1873.0 29968.0 0.0022775795462255284
1874.0 29984.0 0.0022567336944878764
1875.0 30000.0 0.0022370523682480265
1876.0 30016.0 0.0022188805878431087
1877.0 30032.0 0.002210608963870625
1878.0 30048.0 0.002189758120046162
1879.0 30064.0 0.0021765537182919293
1880.0 30080.0 0.0021651523073242065
1881.0 30096.0 0.002162059422589071
1882.0 30112.0 0.0021672333033220547
1883.0 30128.0 0.0021694996825066403
1884.0 30144.0 0.002173697896006648
1885.0 30160.0 0.002184908908699787
1886.0 30176.0 0.0021853010135991
1887.0 30192.0 0.0021742164316920225
1888.0 30208.0 0.002181618930429871
1889.0 30224.0 0.0021929007762167686
1890.0 30240.0 0.0022181374927319024
1891.0 30256.0 0.0022261848443795662
1892.0 30272.0 0.0022334670562313
1893.0 30288.0 0.0022339019049165093
1894.0 30304.0 0.0022268559638599812
1895.0 30320.0 0.00222183670468809
1896.0 30336.0 0.002211408224400735
1897.0 30352.0 0.0022106494890412466
1898.0 30368.0 0.0022039988331712555
1899.0 30384.0 0.0021864153098768574
1900.0 30400.0 0.0021912048652333433
1901.0 30416.0 0.002215041462417104
1902.0 30432.0 0.0022325770512115948
1903.0 30448.0 0.0022592252752287084
1904.0 30464.0 0.0022749256728784584
1905.0 30480.0 0.0022927296960639147
1906.0 30496.0 0.0023041114235996187
1907.0 30512.0 0.0023195439924759667
1908.0 30528.0 0.0023398188569636355
1909.0 30544.0 0.002341423226689517
1910.0 30560.0 0.002333356566050492
1911.0 30576.0 0.0023113601268602096
1912.0 30592.0 0.0022897029504011625
1913.0 30608.0 0.002259512545474312
1914.0 30624.0 0.002256624630369355
1915.0 30640.0 0.002248173600222216
1916.0 30656.0 0.002230485645838999
1917.0 30672.0 0.0021992383458516165
1918.0 30688.0 0.002161901441157659
1919.0 30704.0 0.0021230138102267234
1920.0 30720.0 0.002094759507573428
1921.0 30736.0 0.0020667542177906627
1922.0 30752.0 0.0020390239125725965
1923.0 30768.0 0.0020264378959312028
1924.0 30784.0 0.0020115874045649666
1925.0 30800.0 0.0019958108559281207
1926.0 30816.0 0.001965673765685755
1927.0 30832.0 0.0019277158860656748
1928.0 30848.0 0.0018866960183148997
1929.0 30864.0 0.0018528406554598482
1930.0 30880.0 0.0018261266396578395
1931.0 30896.0 0.0017986082842277131
1932.0 30912.0 0.001780726625979132
1933.0 30928.0 0.0017593680602861468
1934.0 30944.0 0.0017457180498818728
1935.0 30960.0 0.0017297332999603712
1936.0 30976.0 0.0017184690934963693
1937.0 30992.0 0.0017132874329056625
1938.0 31008.0 0.0017046065763953741
1939.0 31024.0 0.0016934750640400812
1940.0 31040.0 0.001684814171453999
1941.0 31056.0 0.0016668624207056186
1942.0 31072.0 0.0016523040838190165
1943.0 31088.0 0.001641732607965303
1944.0 31104.0 0.0016330840659384855
1945.0 31120.0 0.0016160972914268262
1946.0 31136.0 0.001597899371766081
1947.0 31152.0 0.0015932362776073898
1948.0 31168.0 0.0015907960787836814
1949.0 31184.0 0.0015924728912081034
1950.0 31200.0 0.0015966704925069824
1951.0 31216.0 0.0016018496800971852
1952.0 31232.0 0.0015923651268030085
1953.0 31248.0 0.0015863113868437358
1954.0 31264.0 0.0015797247186979443
1955.0 31280.0 0.0015766599671300056
1956.0 31296.0 0.0015789997449141468
1957.0 31312.0 0.001583899747553167
1958.0 31328.0 0.0015998175767239057
1959.0 31344.0 0.0016194464100503258
1960.0 31360.0 0.0016376730741758314
1961.0 31376.0 0.0016442104365845922
1962.0 31392.0 0.0016471186948890937
1963.0 31408.0 0.001655071372482255
1964.0 31424.0 0.001661860536970619
1965.0 31440.0 0.001662197752716572
1966.0 31456.0 0.0016550415910722884
1967.0 31472.0 0.001650650954823983
1968.0 31488.0 0.0016597006993231292
1969.0 31504.0 0.001661874144072936
1970.0 31520.0 0.0016601180089830083
1971.0 31536.0 0.001651684570940633
1972.0 31552.0 0.0016475501233320403
1973.0 31568.0 0.0016348245066235324
1974.0 31584.0 0.0016206471394631533
1975.0 31600.0 0.001600442098062386
1976.0 31616.0 0.0015896188921504346
1977.0 31632.0 0.001573515312952018
1978.0 31648.0 0.0015625592285270352
1979.0 31664.0 0.00155077301618436
1980.0 31680.0 0.0015433811237446906
1981.0 31696.0 0.0015393029915088628
1982.0 31712.0 0.0015376804786692124
1983.0 31728.0 0.0015229287380582796
1984.0 31744.0 0.0015107193070270043
1985.0 31760.0 0.00150223561483784
1986.0 31776.0 0.0014966376425092325
1987.0 31792.0 0.0014982045121852171
1988.0 31808.0 0.0014899729294171626
1989.0 31824.0 0.0014927603846244496
1990.0 31840.0 0.001497621495423879
1991.0 31856.0 0.0015008279207526722
1992.0 31872.0 0.0014997221619089923
1993.0 31888.0 0.0015045720844951036
1994.0 31904.0 0.001519253871065444
1995.0 31920.0 0.0015282726743433876
1996.0 31936.0 0.0015464024298192291
1997.0 31952.0 0.0015585011451812241
1998.0 31968.0 0.0015679448406000981
1999.0 31984.0 0.0015771025105994236
2000.0 32000.0 0.0015882600699245431
2001.0 32016.0 0.0016151429706136484
2002.0 32032.0 0.0016373864510534945
2003.0 32048.0 0.0016606449755729516
2004.0 32064.0 0.0016740779458666887
2005.0 32080.0 0.0016847697218713544
2006.0 32096.0 0.0016762076520261903
2007.0 32112.0 0.0016763688091437187
2008.0 32128.0 0.0016632916469908573
2009.0 32144.0 0.0016525252149293772
2010.0 32160.0 0.001635607893365507
2011.0 32176.0 0.001623451013604972
2012.0 32192.0 0.0016100128934426132
2013.0 32208.0 0.0016040428320282353
2014.0 32224.0 0.0016011689186442033
2015.0 32240.0 0.001590981881055352
2016.0 32256.0 0.0015765477252041144
2017.0 32272.0 0.0015518343068414502
2018.0 32288.0 0.0015272492150343459
2019.0 32304.0 0.0015048070244592605
2020.0 32320.0 0.0014933681668395965
2021.0 32336.0 0.0014785300957057248
2022.0 32352.0 0.0014622773721917398
2023.0 32368.0 0.0014508963195780456
2024.0 32384.0 0.0014384889601141144
2025.0 32400.0 0.0014190412659910356
2026.0 32416.0 0.0013968919510436173
2027.0 32432.0 0.0013671904157745247
2028.0 32448.0 0.0013510626645954267
2029.0 32464.0 0.0013389039998372323
2030.0 32480.0 0.0013144324437740613
2031.0 32496.0 0.0012887509082882566
2032.0 32512.0 0.0012674531876731405
2033.0 32528.0 0.0012562073985718837
2034.0 32544.0 0.0012580382866321255
2035.0 32560.0 0.0012523660978112857
2036.0 32576.0 0.0012521390856704102
2037.0 32592.0 0.0012562903526342412
2038.0 32608.0 0.0012652419641242735
2039.0 32624.0 0.0012684367081706716
2040.0 32640.0 0.0012596309532758724
2041.0 32656.0 0.0012604332854960249
2042.0 32672.0 0.0012635802522624198
2043.0 32688.0 0.0012576767763245516
2044.0 32704.0 0.0012633600675729419
2045.0 32720.0 0.001263151873627459
2046.0 32736.0 0.0012591363176984716
2047.0 32752.0 0.001267067086502386
2048.0 32768.0 0.0012809676630237202
2049.0 32784.0 0.0012869903455989464
2050.0 32800.0 0.0012825509493382512
2051.0 32816.0 0.0012837845284735749
2052.0 32832.0 0.0012758062760948228
2053.0 32848.0 0.0012726684153868215
2054.0 32864.0 0.0012684122939442077
2055.0 32880.0 0.001257789352882413
2056.0 32896.0 0.0012468811915034945
2057.0 32912.0 0.0012320158876855942
2058.0 32928.0 0.0012251403832364118
2059.0 32944.0 0.0012230325731363886
2060.0 32960.0 0.0012113552799734087
2061.0 32976.0 0.0012039299000117598
2062.0 32992.0 0.001191094666347825
2063.0 33008.0 0.0011843680490350142
2064.0 33024.0 0.0011777456262253656
2065.0 33040.0 0.0011802859250948873
2066.0 33056.0 0.0011848134138335812
2067.0 33072.0 0.0011867876814038532
2068.0 33088.0 0.0011876867905745347
2069.0 33104.0 0.0011819566515893492
2070.0 33120.0 0.0011785564712844673
2071.0 33136.0 0.001168755777171823
2072.0 33152.0 0.0011590351467337463
2073.0 33168.0 0.0011505323422812768
2074.0 33184.0 0.001140280621834342
2075.0 33200.0 0.0011251252660020303
2076.0 33216.0 0.001110158941102334
2077.0 33232.0 0.0011024399320082852
2078.0 33248.0 0.0010858698699104505
2079.0 33264.0 0.001072637886174923
2080.0 33280.0 0.0010673137036600262
2081.0 33296.0 0.0010640162783269553
2082.0 33312.0 0.001059603318055769
2083.0 33328.0 0.0010536097623427734
2084.0 33344.0 0.0010488356833857151
2085.0 33360.0 0.0010427577053503663
2086.0 33376.0 0.0010305605085468674
2087.0 33392.0 0.0010203937603881672
2088.0 33408.0 0.0010135223615357132
2089.0 33424.0 0.0010095723333487158
2090.0 33440.0 0.0010074357918692023
2091.0 33456.0 0.0010089788246182005
2092.0 33472.0 0.001015165873490937
2093.0 33488.0 0.0010235853963860397
2094.0 33504.0 0.0010274589931531287
2095.0 33520.0 0.0010250392216060767
2096.0 33536.0 0.0010247546629170293
2097.0 33552.0 0.0010176486446596598
2098.0 33568.0 0.0010108586498513517
2099.0 33584.0 0.00100377353057187
2100.0 33600.0 0.0010002477986808206
2101.0 33616.0 0.0010054172554475195
2102.0 33632.0 0.0010104011550201917
2103.0 33648.0 0.0010143398970450042
2104.0 33664.0 0.0010140451814119676
2105.0 33680.0 0.001015267064109452
2106.0 33696.0 0.0010197018633651353
2107.0 33712.0 0.0010220662400795655
2108.0 33728.0 0.001017680339344385
2109.0 33744.0 0.001015054133132892
2110.0 33760.0 0.0010202564317072498
2111.0 33776.0 0.0010255062530376954
2112.0 33792.0 0.001035610668103783
2113.0 33808.0 0.0010471988852658288
2114.0 33824.0 0.0010602487124679856
2115.0 33840.0 0.0010714035976620376
2116.0 33856.0 0.0010860389243544314
2117.0 33872.0 0.0010931509154573458
2118.0 33888.0 0.0010969895353299397
2119.0 33904.0 0.001112131248085793
2120.0 33920.0 0.0011240691716478076
2121.0 33936.0 0.0011218823767145704
2122.0 33952.0 0.001116117200056857
2123.0 33968.0 0.0011111362940564764
2124.0 33984.0 0.0011050490015358458
2125.0 34000.0 0.0011016183534615955
2126.0 34016.0 0.0010961424634126252
2127.0 34032.0 0.0010878564979727575
2128.0 34048.0 0.0010771313845411574
2129.0 34064.0 0.0010599300161176516
2130.0 34080.0 0.0010394410772594817
2131.0 34096.0 0.0010317752199199134
2132.0 34112.0 0.0010256706616974154
2133.0 34128.0 0.0010230236410689114
2134.0 34144.0 0.0010141314652155372
2135.0 34160.0 0.0010163840045012019
2136.0 34176.0 0.0010135742891743287
2137.0 34192.0 0.0010114893220088972
2138.0 34208.0 0.0010068293312897848
2139.0 34224.0 0.0009990402061403906
2140.0 34240.0 0.000991936877063994
2141.0 34256.0 0.0009839849336931137
2142.0 34272.0 0.0009855711924247322
2143.0 34288.0 0.0009784461785922597
2144.0 34304.0 0.0009806134227210398
2145.0 34320.0 0.000982692968756719
2146.0 34336.0 0.0009925763209732146
2147.0 34352.0 0.0010051517423552976
2148.0 34368.0 0.001006990967081061
2149.0 34384.0 0.0010002192440935439
2150.0 34400.0 0.0009920480226630424
2151.0 34416.0 0.0009871914263043997
2152.0 34432.0 0.0009874350483382625
2153.0 34448.0 0.0009966974683021407
2154.0 34464.0 0.00099984944529251
2155.0 34480.0 0.0009991888260894545
2156.0 34496.0 0.000993166040449207
2157.0 34512.0 0.0009888256756565804
2158.0 34528.0 0.0009878506512207305
2159.0 34544.0 0.0009878995040102287
2160.0 34560.0 0.000988919347014214
2161.0 34576.0 0.000997012355236711
2162.0 34592.0 0.0009969254043486558
2163.0 34608.0 0.0009936679901828146
2164.0 34624.0 0.0009946868369246052
2165.0 34640.0 0.00100128889673474
2166.0 34656.0 0.0010070393968998105
2167.0 34672.0 0.0010180290737691552
2168.0 34688.0 0.001021381113070739
2169.0 34704.0 0.0010241561623563907
2170.0 34720.0 0.001020060369875913
2171.0 34736.0 0.0010184521719099
2172.0 34752.0 0.0010185343222723646
2173.0 34768.0 0.0010193421918633654
2174.0 34784.0 0.0010211515106771114
2175.0 34800.0 0.0010275822780037005
2176.0 34816.0 0.0010305150610615
2177.0 34832.0 0.001037396854036333
2178.0 34848.0 0.0010454675314995009
2179.0 34864.0 0.001056051517782134
2180.0 34880.0 0.0010656963615747355
2181.0 34896.0 0.0010742098668269013
2182.0 34912.0 0.0010828377733289503
2183.0 34928.0 0.0010978644950113568
2184.0 34944.0 0.0011221226775586135
2185.0 34960.0 0.0011511259191807938
2186.0 34976.0 0.0011826378607383398
2187.0 34992.0 0.001210989959672472
2188.0 35008.0 0.0012369718237409345
2189.0 35024.0 0.001249785956718455
2190.0 35040.0 0.001262092035568298
2191.0 35056.0 0.0012786090951743517
2192.0 35072.0 0.0012901560785758119
2193.0 35088.0 0.0012964516496501766
2194.0 35104.0 0.0013046629249723154
2195.0 35120.0 0.0013114836694235706
2196.0 35136.0 0.0013120587766772469
2197.0 35152.0 0.0013168344756004301
2198.0 35168.0 0.0013178040192770538
2199.0 35184.0 0.001330497215420882
2200.0 35200.0 0.0013396066775982745
2201.0 35216.0 0.0013519302933237458
2202.0 35232.0 0.0013672382272563773
2203.0 35248.0 0.0013810233495688117
2204.0 35264.0 0.001399073915865072
2205.0 35280.0 0.0014034685436404614
2206.0 35296.0 0.0014009202434759796
2207.0 35312.0 0.0013995344847520608
2208.0 35328.0 0.001406983290200143
2209.0 35344.0 0.0014131266814224274
2210.0 35360.0 0.0014111888956703966
2211.0 35376.0 0.001404653594221078
2212.0 35392.0 0.0014037976903345482
2213.0 35408.0 0.0014051231885087198
2214.0 35424.0 0.0014117930192170086
2215.0 35440.0 0.001413614805474215
2216.0 35456.0 0.0014186793211904524
2217.0 35472.0 0.0014165603305968954
2218.0 35488.0 0.0014132802252967659
2219.0 35504.0 0.0014130593151684342
2220.0 35520.0 0.0013963625504941578
2221.0 35536.0 0.0013789258516611054
2222.0 35552.0 0.0013741003643218434
2223.0 35568.0 0.0013658662348260944
2224.0 35584.0 0.0013634700460319672
2225.0 35600.0 0.0013483413682784152
2226.0 35616.0 0.0013356799351974013
2227.0 35632.0 0.0013244547011009172
2228.0 35648.0 0.0013211036691729125
2229.0 35664.0 0.0013087249849430577
2230.0 35680.0 0.0012963099893629677
2231.0 35696.0 0.0012848939924497574
2232.0 35712.0 0.0012671900743467597
2233.0 35728.0 0.0012632436869103245
2234.0 35744.0 0.00126673967851529
2235.0 35760.0 0.0012573222709395219
2236.0 35776.0 0.0012427221562545093
2237.0 35792.0 0.001226531164473518
2238.0 35808.0 0.0012081929021828099
2239.0 35824.0 0.0011888108120130436
2240.0 35840.0 0.0011761118860951598
2241.0 35856.0 0.0011682302575150903
2242.0 35872.0 0.0011584233911387375
2243.0 35888.0 0.0011542598113424714
2244.0 35904.0 0.0011424027574991127
2245.0 35920.0 0.001132706059169129
2246.0 35936.0 0.0011366322423344397
2247.0 35952.0 0.001144317226428282
2248.0 35968.0 0.0011564744829948167
2249.0 35984.0 0.0011676424002027377
2250.0 36000.0 0.0011786572745600035
2251.0 36016.0 0.0011856398019498256
2252.0 36032.0 0.0011898860910193403
2253.0 36048.0 0.0011909036610555411
2254.0 36064.0 0.0011900805065204081
2255.0 36080.0 0.0011879807190646023
2256.0 36096.0 0.0011882953532346328
2257.0 36112.0 0.0011803839428706031
2258.0 36128.0 0.0011742244536046467
2259.0 36144.0 0.0011643854834586355
2260.0 36160.0 0.0011531921008717783
2261.0 36176.0 0.0011476674339520507
2262.0 36192.0 0.0011497790139570346
2263.0 36208.0 0.0011453992275304672
2264.0 36224.0 0.001149922429283992
2265.0 36240.0 0.0011540605339101636
2266.0 36256.0 0.001160355004884927
2267.0 36272.0 0.0011623425527968745
2268.0 36288.0 0.0011620159235536038
2269.0 36304.0 0.0011518727794305867
2270.0 36320.0 0.0011391312715554858
2271.0 36336.0 0.0011299946989629882
2272.0 36352.0 0.001112407128065403
2273.0 36368.0 0.0010991561390250363
2274.0 36384.0 0.0010914029773300402
2275.0 36400.0 0.001091680065978013
2276.0 36416.0 0.0010881307966861058
2277.0 36432.0 0.0010778018614828737
2278.0 36448.0 0.0010718628957149467
2279.0 36464.0 0.0010705619937684525
2280.0 36480.0 0.0010722257820832493
2281.0 36496.0 0.00107508643542007
2282.0 36512.0 0.001078048664639213
2283.0 36528.0 0.0010887939983813422
2284.0 36544.0 0.0010945221703777097
2285.0 36560.0 0.001095041870602053
2286.0 36576.0 0.0010928218203387773
2287.0 36592.0 0.0010924453232868186
2288.0 36608.0 0.001080621964844815
2289.0 36624.0 0.001073717445242604
2290.0 36640.0 0.0010680404907955404
2291.0 36656.0 0.0010628563174446403
2292.0 36672.0 0.0010598500681023248
2293.0 36688.0 0.0010558871524145974
2294.0 36704.0 0.0010468060135676446
2295.0 36720.0 0.001042923517727776
2296.0 36736.0 0.0010409980485560093
2297.0 36752.0 0.0010410066150166814
2298.0 36768.0 0.0010413493329410326
2299.0 36784.0 0.0010396690733877796
